
Reading data for 3600 seconds:
Time;airTMP;soilTMP;airHUM;soilHUM;light
0;24.1;22.3;23.0;85.9;20.3;
1;24.1;22.3;23.4;83.5;20.6;
2;24.1;22.3;23.2;84.8;19.4;
3;24.2;22.3;23.4;86.0;18.8;
4;24.2;22.4;23.3;87.1;17.5;
5;24.2;22.4;23.1;84.0;20.2;
6;24.2;22.3;23.6;83.5;23.1;
7;24.2;22.2;23.1;83.2;22.9;
8;24.2;22.2;23.0;83.2;23.3;
9;24.2;22.1;23.2;83.1;17.5;
10;24.2;22.1;22.8;83.3;13.9;
11;24.2;22.1;23.0;83.5;13.2;
12;24.2;22.1;23.2;83.5;15.2;
13;24.2;22.1;23.2;85.0;13.2;
14;24.2;22.2;22.7;84.4;13.6;
15;24.2;22.2;23.3;84.5;14.0;
16;24.2;22.3;22.9;84.7;12.7;
17;24.2;22.3;22.5;84.4;8.8;
18;24.2;22.3;22.7;84.6;11.3;
19;24.2;22.4;22.7;84.0;10.1;
20;24.2;22.3;22.1;84.0;11.2;
21;24.2;22.3;22.1;84.1;12.3;
22;24.1;22.1;22.4;84.1;13.6;
23;24.1;22.0;21.7;83.9;13.1;
24;24.0;21.7;21.5;83.9;14.3;
25;23.8;21.4;21.2;84.8;14.3;
26;23.7;21.1;20.7;83.9;17.1;
27;23.6;20.9;20.6;84.1;18.1;
28;23.5;20.6;20.2;84.3;18.2;
29;23.3;20.4;19.7;84.6;17.9;
30;23.1;20.3;19.1;84.6;18.2;
31;22.9;20.1;19.2;84.7;17.8;
32;22.7;20.0;18.9;84.8;17.9;
33;22.5;19.9;18.6;84.8;17.5;
34;22.3;19.9;18.2;84.8;17.2;
35;22.1;19.9;18.0;85.2;16.7;
36;21.9;19.8;18.0;85.1;17.0;
37;21.7;19.9;17.7;85.0;17.5;
38;21.5;19.9;17.4;84.9;16.8;
39;21.3;19.9;16.9;84.9;17.0;
40;21.0;20.0;17.3;84.8;15.9;
41;20.8;20.1;16.4;84.6;16.7;
42;20.6;20.2;16.2;85.3;17.0;
43;20.4;20.3;16.0;81.5;17.4;
44;20.2;20.4;16.0;80.2;18.7;
45;20.1;20.6;15.8;80.2;19.4;
46;19.9;20.7;15.4;80.1;19.8;
47;19.7;20.8;15.2;80.2;19.9;
48;19.5;21.0;14.3;80.2;19.9;
49;19.3;21.1;14.1;80.1;19.9;
50;19.1;21.2;13.9;80.1;19.9;
51;18.9;21.4;13.8;80.1;19.8;
52;18.7;21.5;13.5;80.1;20.1;
53;18.5;21.7;13.4;80.1;20.2;
54;18.3;21.8;13.4;80.0;20.2;
55;18.1;22.0;13.1;80.1;20.1;
56;18.0;22.2;13.4;80.1;20.2;
57;17.8;22.4;13.5;80.0;20.5;
58;17.6;22.6;13.0;80.0;20.2;
59;17.5;22.8;12.8;80.0;20.1;
60;17.3;22.9;12.5;80.0;21.0;
61;17.2;23.1;12.4;80.0;20.1;
62;17.0;23.3;12.5;80.0;20.2;
63;16.9;23.5;12.2;80.0;20.2;
64;16.8;23.7;11.8;79.9;20.2;
65;16.6;23.9;11.8;79.9;20.1;
66;16.5;24.1;11.8;79.9;20.2;
67;16.4;24.3;11.6;79.9;20.1;
68;16.2;24.5;11.5;79.9;20.2;
69;16.1;24.7;11.2;79.9;20.1;
70;16.0;24.9;11.3;79.8;20.5;
71;15.9;25.1;11.3;79.8;20.5;
72;15.7;25.3;11.2;79.8;20.6;
73;15.6;25.5;10.8;79.8;20.5;
74;15.5;25.7;10.7;79.8;20.5;
75;15.4;25.9;10.5;79.8;20.3;
76;15.3;26.0;10.3;79.9;20.6;
77;15.2;26.2;10.6;79.8;20.2;
78;15.0;26.4;10.5;79.8;20.6;
79;14.9;26.6;10.4;79.8;20.3;
80;14.8;26.8;10.0;79.8;20.5;
81;14.7;27.0;10.2;79.8;20.2;
82;14.6;27.1;10.1;79.8;20.5;
83;14.5;27.3;9.6;79.8;20.3;
84;14.4;27.5;9.7;79.8;20.5;
85;14.3;27.7;10.0;79.8;20.2;
86;14.2;27.8;9.9;79.8;20.5;
87;14.1;28.0;9.3;79.7;20.5;
88;14.1;28.2;9.3;79.7;20.3;
89;14.0;28.3;8.8;79.7;20.1;
90;13.9;28.5;8.9;79.7;19.8;
91;13.8;28.7;9.0;79.7;20.2;
92;13.7;28.9;8.5;79.6;20.3;
93;13.6;29.0;8.6;79.7;20.2;
94;13.5;29.2;8.2;79.7;20.2;
95;13.4;29.4;8.2;79.7;20.1;
96;13.4;29.5;8.6;79.6;20.3;
97;13.2;29.7;8.3;79.6;20.2;
98;13.2;29.9;8.2;79.6;20.2;
99;13.1;30.0;8.2;79.6;20.1;
100;13.0;30.2;7.9;79.6;20.2;
101;12.9;30.4;8.0;79.5;20.1;
102;12.8;30.5;7.7;79.5;20.2;
103;12.7;30.7;7.3;79.5;19.9;
104;12.5;30.9;7.1;79.5;20.1;
105;12.4;31.1;7.4;79.7;20.1;
106;12.3;31.3;7.1;79.6;20.2;
107;12.2;31.4;6.9;79.7;19.8;
108;12.1;31.6;6.8;79.7;20.1;
109;12.0;31.8;6.8;79.8;19.8;
110;11.9;32.0;6.9;79.7;20.2;
111;11.8;32.3;6.7;79.8;19.8;
112;11.7;32.5;7.0;79.8;20.1;
113;11.5;32.7;6.6;79.7;19.8;
114;11.4;32.9;6.5;79.7;19.9;
115;11.4;33.1;6.6;79.7;19.8;
116;11.3;33.3;6.6;79.7;19.9;
117;11.2;33.5;6.8;79.7;19.9;
118;11.2;33.7;6.7;79.7;19.9;
119;11.1;33.9;6.5;79.7;19.8;
120;11.0;34.1;6.4;79.7;19.9;
121;11.0;34.3;6.3;79.7;19.9;
122;10.9;34.4;6.5;79.7;20.1;
123;10.9;34.6;6.4;79.7;19.8;
124;10.8;34.7;6.2;79.7;20.2;
125;10.7;34.9;5.9;79.7;19.8;
126;10.7;35.0;6.2;79.7;20.1;
127;10.6;35.2;6.3;79.7;19.8;
128;10.6;35.4;6.2;79.7;19.9;
129;10.5;35.5;6.0;79.7;19.8;
130;10.5;35.7;6.0;79.7;19.9;
131;10.5;35.9;6.2;79.7;19.8;
132;10.4;36.0;5.9;79.7;19.9;
133;10.4;36.1;5.9;79.7;19.8;
134;10.3;36.3;6.0;79.7;19.8;
135;10.3;36.4;5.7;79.7;19.8;
136;10.3;36.5;6.1;79.7;19.9;
137;10.2;36.7;5.5;79.7;19.7;
138;10.2;36.8;6.0;79.7;19.8;
139;10.1;37.0;6.0;79.8;19.7;
140;10.1;37.1;5.5;79.8;19.8;
141;10.0;37.3;5.8;79.8;19.5;
142;9.9;37.4;5.2;79.7;19.8;
143;9.9;37.5;5.8;79.7;19.5;
144;9.8;37.7;5.7;79.7;19.8;
145;9.8;37.8;5.7;79.7;19.4;
146;9.7;38.0;5.3;79.7;19.7;
147;9.7;38.1;5.7;79.7;18.9;
148;9.6;38.2;5.2;79.7;19.7;
149;9.6;38.3;5.3;79.7;19.4;
150;9.5;38.5;5.3;79.7;19.3;
151;9.5;38.6;5.5;79.7;19.4;
152;9.4;38.7;5.4;79.7;19.5;
153;9.4;38.8;5.8;79.7;19.1;
154;9.4;39.0;5.4;79.7;19.4;
155;9.3;39.1;5.5;79.7;19.3;
156;9.3;39.2;5.4;79.8;19.4;
157;9.2;39.3;5.2;79.7;19.8;
158;9.2;39.5;5.5;79.7;19.4;
159;9.2;39.6;5.3;79.7;19.3;
160;9.1;39.7;5.2;79.7;19.4;
161;9.1;39.9;5.3;79.7;19.3;
162;9.1;40.0;5.2;79.7;19.4;
163;9.1;40.1;5.4;79.7;19.1;
164;9.1;40.2;5.1;79.7;19.4;
165;9.0;40.3;5.2;79.7;19.1;
166;9.0;40.4;5.3;79.8;19.1;
167;9.0;40.4;4.6;79.8;19.0;
168;8.9;40.5;5.3;79.8;19.1;
169;8.9;40.6;5.2;79.8;19.0;
170;8.9;40.7;4.8;79.8;19.3;
171;8.8;40.8;4.6;79.7;19.0;
172;8.8;40.9;4.9;79.7;19.3;
173;8.8;41.0;5.0;79.8;19.0;
174;8.7;41.1;5.0;79.7;19.1;
175;8.7;41.3;4.6;79.6;18.9;
176;8.7;41.4;5.1;79.7;19.1;
177;8.6;41.5;4.8;79.6;19.0;
178;8.6;41.6;4.8;79.6;19.3;
179;8.5;41.7;4.8;79.6;18.9;
180;8.5;41.8;4.6;79.6;19.3;
181;8.4;42.0;4.2;79.6;19.0;
182;8.4;42.1;4.3;79.5;19.3;
183;8.3;42.2;4.4;79.7;19.0;
184;8.3;42.4;4.4;79.7;19.1;
185;8.2;42.5;4.2;79.7;18.9;
186;8.2;42.6;4.3;79.7;19.1;
187;8.1;42.7;4.3;79.8;19.0;
188;8.1;42.8;4.0;79.9;19.1;
189;8.0;43.0;4.2;79.8;18.7;
190;8.0;43.1;4.6;79.8;19.1;
191;7.9;43.2;4.1;79.7;19.0;
192;7.9;43.4;4.4;79.8;19.0;
193;7.8;43.5;4.4;79.8;19.0;
194;7.8;43.6;3.9;79.8;19.1;
195;7.7;43.7;4.4;79.8;19.0;
196;7.7;43.8;4.2;79.8;19.1;
197;7.7;43.9;4.1;79.8;19.0;
198;7.7;44.0;4.2;79.8;19.1;
199;7.6;44.1;4.2;79.8;18.9;
200;7.6;44.2;4.3;79.8;19.3;
201;7.6;44.3;3.9;79.8;18.8;
202;7.6;44.4;3.9;79.8;18.9;
203;7.5;44.5;3.5;79.8;18.7;
204;7.5;44.6;4.0;79.8;19.0;
205;7.5;44.7;3.7;79.9;18.8;
206;7.4;44.8;4.1;79.8;19.0;
207;7.4;44.9;4.4;79.8;18.7;
208;7.4;45.0;4.5;79.8;19.0;
209;7.4;45.1;4.2;79.8;18.7;
210;7.3;45.2;4.0;79.8;18.7;
211;7.3;45.3;4.0;79.8;18.9;
212;7.3;45.4;4.1;79.8;18.9;
213;7.3;45.5;3.7;79.8;18.6;
214;7.3;45.6;3.5;79.8;19.0;
215;7.3;45.7;3.7;79.8;18.7;
216;7.2;45.8;3.9;79.8;19.0;
217;7.2;45.9;4.0;79.8;18.6;
218;7.2;46.0;4.1;79.8;19.0;
219;7.2;46.0;4.0;79.8;18.6;
220;7.1;46.1;3.7;79.8;18.7;
221;7.1;46.2;3.9;79.9;17.9;
222;7.1;46.3;4.1;79.8;18.7;
223;7.1;46.4;3.7;79.8;18.6;
224;7.1;46.5;3.6;79.8;18.7;
225;7.1;46.6;3.7;79.8;18.6;
226;7.1;46.7;3.9;79.9;18.7;
227;7.0;46.7;3.5;79.8;18.6;
228;7.0;46.8;4.0;79.8;18.7;
229;7.0;46.9;3.6;79.8;18.6;
230;7.0;46.9;3.7;79.8;18.8;
231;7.0;47.0;3.4;79.9;18.6;
232;7.0;47.1;3.5;79.9;18.7;
233;7.0;47.1;3.5;79.9;18.6;
234;7.0;47.2;3.6;79.9;18.6;
235;6.9;47.3;3.7;79.9;18.3;
236;6.9;47.3;3.7;79.9;18.6;
237;6.9;47.4;3.5;79.9;18.3;
238;6.9;47.4;4.1;79.9;18.6;
239;6.9;47.5;3.4;80.0;18.2;
240;6.9;47.6;3.7;79.9;18.6;
241;6.9;47.7;3.9;79.9;18.7;
242;6.8;47.8;3.4;80.0;18.6;
243;6.9;47.8;3.6;80.0;18.2;
244;6.9;47.9;3.5;80.0;18.3;
245;6.9;48.0;3.4;80.0;18.2;
246;6.9;48.1;3.9;80.0;18.3;
247;6.8;48.1;3.5;80.0;17.9;
248;6.8;48.2;3.4;80.0;18.3;
249;6.8;48.3;3.1;80.0;17.9;
250;6.8;48.4;3.4;80.0;18.2;
251;6.8;48.5;3.9;80.0;18.2;
252;6.8;48.6;3.6;80.0;19.8;
253;6.8;48.6;3.9;80.0;18.1;
254;6.7;48.7;3.4;80.1;18.2;
255;6.7;48.8;3.5;80.0;17.9;
256;6.7;48.8;3.7;80.0;18.2;
257;6.7;48.9;3.4;80.0;17.9;
258;6.7;49.0;3.7;80.0;18.2;
259;6.7;49.0;3.3;80.0;17.9;
260;6.7;49.1;3.5;80.0;17.9;
261;6.7;49.2;3.9;80.0;17.9;
262;6.7;49.2;3.9;79.9;18.2;
263;6.6;49.3;3.4;79.9;17.9;
264;6.6;49.3;3.3;80.0;18.2;
265;6.6;49.3;3.9;79.9;17.9;
266;6.6;49.4;3.2;79.8;19.0;
267;6.6;49.4;3.4;79.9;17.9;
268;6.6;49.4;3.3;79.9;18.2;
269;6.6;49.5;3.2;79.9;17.9;
270;6.6;49.5;3.2;79.8;18.2;
271;6.6;49.5;3.4;79.9;17.9;
272;6.6;49.6;3.5;79.8;18.3;
273;6.5;49.6;3.2;79.8;17.9;
274;6.5;49.6;3.7;79.9;18.2;
275;6.5;49.7;3.3;79.8;18.0;
276;6.5;49.7;3.2;79.8;18.3;
277;6.4;49.8;3.5;79.9;17.9;
278;6.4;49.8;3.5;79.8;18.0;
279;6.4;49.9;3.2;79.8;17.9;
280;6.4;49.9;3.4;79.9;17.9;
281;6.3;50.0;3.2;79.9;17.5;
282;6.3;50.1;3.4;79.9;18.3;
283;6.3;50.1;3.5;80.0;17.8;
284;6.3;50.2;3.0;79.9;17.9;
285;6.2;50.2;3.0;79.9;17.8;
286;6.2;50.3;3.2;79.9;17.9;
287;6.2;50.3;3.0;80.0;17.6;
288;6.1;50.4;4.0;79.9;17.8;
289;6.1;50.4;3.1;80.0;17.7;
290;6.1;50.5;3.2;79.9;17.8;
291;6.1;50.6;2.9;79.9;17.5;
292;6.0;50.6;3.0;80.0;17.8;
293;6.0;50.7;3.0;80.0;17.5;
294;6.0;50.8;3.0;79.9;17.5;
295;6.0;50.8;3.1;80.0;17.4;
296;5.9;50.9;3.2;80.0;17.5;
297;5.9;51.0;3.0;80.0;17.2;
298;5.9;51.0;2.9;80.0;17.5;
299;5.9;51.1;3.1;80.0;17.3;
300;5.8;51.2;2.9;80.0;17.4;
301;5.8;51.2;3.2;80.0;17.1;
302;5.8;51.3;3.0;80.0;17.2;
303;5.7;51.4;3.2;80.0;17.1;
304;5.7;51.4;3.0;80.0;17.2;
305;5.7;51.5;3.4;80.0;17.1;
306;5.7;51.6;3.1;80.1;17.1;
307;5.6;51.7;3.2;80.1;17.0;
308;5.6;51.8;2.8;80.1;17.2;
309;5.6;51.8;3.0;80.1;17.0;
310;5.6;51.9;2.8;80.1;17.1;
311;5.5;52.0;3.1;80.1;17.0;
312;5.5;52.1;3.3;80.1;17.1;
313;5.5;52.2;3.1;80.1;17.0;
314;5.5;52.2;3.5;80.1;17.4;
315;5.5;52.3;3.3;80.1;17.0;
316;5.5;52.4;3.3;80.1;17.1;
317;5.5;52.4;3.0;80.1;16.8;
318;5.4;52.5;3.2;80.1;17.0;
319;5.4;52.5;3.3;80.1;17.0;
320;5.4;52.6;3.2;80.1;17.1;
321;5.4;52.7;3.5;80.1;17.0;
322;5.4;52.7;3.3;80.3;17.1;
323;5.4;52.8;3.3;80.2;16.9;
324;5.3;52.9;3.1;80.2;17.1;
325;5.3;53.0;3.3;80.2;16.8;
326;5.3;53.1;3.0;80.1;17.1;
327;5.3;53.2;3.3;80.1;16.8;
328;5.3;53.3;3.3;80.2;17.5;
329;5.3;53.4;3.2;80.2;16.8;
330;5.3;53.4;3.0;80.1;17.4;
331;5.3;53.5;3.3;80.1;16.8;
332;5.3;53.6;3.4;80.3;17.0;
333;5.3;53.6;3.6;80.2;16.7;
334;5.2;53.7;3.1;80.3;17.0;
335;5.2;53.8;3.0;80.2;16.8;
336;5.2;53.9;3.2;80.3;17.1;
337;5.2;54.0;3.1;80.3;16.7;
338;5.2;54.1;3.2;80.0;16.9;
339;5.2;54.2;3.1;80.3;16.7;
340;5.2;54.3;3.1;80.2;17.1;
341;5.2;54.4;3.0;80.3;16.8;
342;5.2;54.5;3.6;80.3;17.0;
343;5.1;54.6;3.0;80.4;16.7;
344;5.1;54.7;3.0;80.3;17.0;
345;5.1;54.8;3.0;80.3;16.8;
346;5.1;54.9;2.7;80.3;16.8;
347;5.1;54.9;3.1;80.3;16.6;
348;5.1;55.0;3.0;80.2;16.7;
349;5.1;55.0;2.9;80.2;16.7;
350;5.1;55.1;2.9;80.1;16.7;
351;5.1;55.2;3.3;80.2;16.6;
352;5.1;55.2;2.9;80.2;16.7;
353;5.1;55.3;2.9;80.2;17.0;
354;5.1;55.3;2.5;80.2;16.7;
355;5.1;55.3;3.3;80.3;16.3;
356;5.1;55.4;3.0;80.3;16.6;
357;5.1;55.4;3.0;80.3;16.3;
358;5.0;55.4;3.2;80.3;16.4;
359;5.0;55.5;2.9;80.3;16.3;
360;5.0;55.5;3.2;80.4;16.4;
361;5.0;55.6;3.1;80.3;16.3;
362;5.0;55.6;3.3;80.3;16.4;
363;5.0;55.7;2.9;80.3;16.2;
364;5.0;55.8;2.6;80.3;16.4;
365;4.9;55.8;2.9;80.3;16.2;
366;4.9;55.9;2.8;80.3;16.3;
367;4.9;55.9;2.9;80.3;16.2;
368;4.9;55.9;3.0;80.3;16.4;
369;4.9;56.0;2.9;80.3;16.2;
370;4.8;56.0;3.0;80.3;16.3;
371;4.8;56.1;3.1;80.3;16.2;
372;4.8;56.1;3.2;80.3;16.3;
373;4.8;56.1;3.1;80.3;16.0;
374;4.8;56.2;3.2;80.3;16.3;
375;4.8;56.2;3.4;80.3;16.2;
376;4.7;56.2;3.2;80.2;16.3;
377;4.7;56.3;3.2;80.2;16.0;
378;4.7;56.3;2.9;80.3;16.3;
379;4.7;56.3;3.0;80.3;16.0;
380;4.7;56.4;3.0;80.3;16.2;
381;4.7;56.4;3.1;80.3;16.0;
382;4.7;56.5;3.0;80.2;16.2;
383;4.7;56.5;2.9;80.3;16.0;
384;4.6;56.6;2.9;80.2;16.2;
385;4.6;56.6;2.9;80.3;15.9;
386;4.6;56.7;3.1;80.3;16.2;
387;4.6;56.7;3.0;80.2;16.0;
388;4.6;56.8;2.8;80.3;16.2;
389;4.6;56.8;2.9;80.3;16.1;
390;4.6;56.9;2.9;80.2;16.3;
391;4.6;57.0;3.0;80.0;16.3;
392;4.6;57.0;3.0;80.0;16.3;
393;4.5;57.1;3.2;80.1;16.2;
394;4.5;57.2;3.2;80.4;16.4;
395;4.5;57.2;3.1;80.3;16.0;
396;4.5;57.3;2.8;80.4;16.3;
397;4.5;57.4;3.0;80.3;16.2;
398;4.4;57.4;3.2;80.3;16.3;
399;4.4;57.5;2.8;80.4;16.2;
400;4.4;57.6;3.0;80.2;16.3;
401;4.4;57.6;3.0;80.2;16.2;
402;4.4;57.7;2.5;80.4;16.3;
403;4.4;57.8;3.1;80.4;16.0;
404;4.4;57.8;3.2;80.4;16.2;
405;4.3;57.9;3.2;80.4;15.9;
406;4.3;57.9;3.1;80.4;16.2;
407;4.3;58.0;2.8;80.4;15.9;
408;4.3;58.1;3.0;80.4;16.2;
409;4.3;58.1;2.8;80.4;15.9;
410;4.3;58.2;3.1;80.4;16.0;
411;4.3;58.3;3.1;80.4;15.9;
412;4.3;58.3;2.9;80.4;16.2;
413;4.2;58.4;2.8;80.4;15.8;
414;4.2;58.5;2.9;80.4;16.0;
415;4.2;58.5;2.7;80.4;15.9;
416;4.2;58.5;2.9;80.4;16.2;
417;4.2;58.6;3.1;80.4;15.9;
418;4.2;58.6;2.9;80.4;16.2;
419;4.2;58.6;2.6;80.4;15.9;
420;4.2;58.7;2.9;80.4;16.0;
421;4.2;58.7;3.2;80.4;15.8;
422;4.2;58.8;3.3;80.4;16.0;
423;4.2;58.8;3.0;80.4;15.8;
424;4.2;58.8;2.9;80.4;15.9;
425;4.1;58.9;2.8;80.4;15.9;
426;4.1;58.9;2.8;80.4;16.0;
427;4.1;59.0;2.8;80.4;15.8;
428;4.1;59.0;3.1;80.4;16.0;
429;4.1;59.1;3.0;80.4;15.6;
430;4.1;59.2;2.7;80.4;16.0;
431;4.1;59.2;2.7;80.4;15.8;
432;4.1;59.3;2.7;80.4;15.9;
433;4.1;59.3;2.7;80.4;15.9;
434;4.0;59.3;2.8;80.4;15.9;
435;4.0;59.4;2.9;80.4;15.8;
436;4.0;59.4;2.9;80.4;15.9;
437;4.0;59.4;2.7;80.4;15.6;
438;4.0;59.5;2.9;80.4;15.9;
439;4.0;59.5;3.2;80.4;15.6;
440;4.0;59.6;2.9;80.4;15.9;
441;3.9;59.6;2.8;80.4;15.6;
442;3.9;59.7;2.8;80.4;15.9;
443;3.9;59.7;2.9;80.4;15.6;
444;3.9;59.8;2.8;80.4;15.9;
445;3.9;59.8;2.8;80.2;15.9;
446;3.9;59.9;3.1;80.3;15.9;
447;3.9;60.0;3.0;80.4;15.6;
448;3.9;60.0;2.5;80.3;15.9;
449;3.8;60.1;2.8;80.3;15.6;
450;3.8;60.2;2.8;80.4;15.9;
451;3.8;60.2;2.5;80.4;15.6;
452;3.8;60.3;2.6;80.4;15.9;
453;3.8;60.4;2.6;80.4;15.6;
454;3.7;60.4;2.7;80.4;15.9;
455;3.7;60.5;2.6;80.4;15.5;
456;3.7;60.6;2.5;80.4;15.8;
457;3.7;60.6;2.7;80.4;15.4;
458;3.7;60.7;2.6;80.4;15.6;
459;3.7;60.8;2.7;80.4;15.5;
460;3.6;60.8;2.7;80.4;15.8;
461;3.6;60.9;2.7;80.4;15.5;
462;3.6;61.0;2.4;80.4;15.8;
463;3.6;61.1;2.5;80.4;15.5;
464;3.5;61.2;2.8;80.4;15.8;
465;3.6;61.3;2.7;80.4;15.5;
466;3.5;61.4;2.5;80.4;15.6;
467;3.5;61.5;2.8;80.4;15.4;
468;3.5;61.5;2.8;80.4;15.9;
469;3.5;61.6;2.6;80.5;15.6;
470;3.5;61.6;2.7;80.4;15.8;
471;3.5;61.7;2.8;80.4;15.5;
472;3.5;61.8;2.7;80.5;15.6;
473;3.5;61.8;2.6;80.5;15.2;
474;3.5;61.9;2.5;80.5;15.5;
475;3.5;62.0;2.6;80.5;15.5;
476;3.4;62.0;2.6;80.5;15.6;
477;3.4;62.1;2.5;80.5;15.4;
478;3.4;62.2;2.3;80.4;15.6;
479;3.4;62.2;2.5;80.4;15.5;
480;3.4;62.3;2.3;80.5;15.6;
481;3.4;62.3;2.5;80.5;15.4;
482;3.4;62.4;2.5;80.5;15.5;
483;3.4;62.4;2.3;80.5;15.4;
484;3.4;62.5;2.6;80.5;15.5;
485;3.4;62.5;2.5;80.5;15.2;
486;3.4;62.5;2.5;80.5;15.5;
487;3.4;62.6;2.4;80.5;15.2;
488;3.3;62.6;2.8;80.5;15.5;
489;3.3;62.7;2.3;80.4;15.4;
490;3.3;62.8;2.6;80.5;15.5;
491;3.3;62.8;2.5;80.5;15.2;
492;3.3;62.8;2.5;80.4;15.5;
493;3.3;62.9;2.6;80.4;15.2;
494;3.3;62.9;2.7;80.5;15.5;
495;3.2;62.9;2.5;80.4;15.2;
496;3.2;62.9;2.5;80.4;15.5;
497;3.2;63.0;2.4;80.5;15.4;
498;3.2;63.0;2.5;80.4;15.5;
499;3.2;63.0;2.4;80.4;15.4;
500;3.2;63.1;2.4;80.4;15.5;
501;3.2;63.1;2.5;80.5;15.2;
502;3.1;63.2;2.6;80.4;15.6;
503;3.1;63.2;2.5;80.5;15.2;
504;3.1;63.3;2.7;80.5;15.5;
505;3.1;63.3;2.6;80.5;15.2;
506;3.1;63.4;2.7;80.5;15.5;
507;3.1;63.5;2.7;80.6;15.1;
508;3.1;63.5;2.5;80.5;15.5;
509;3.1;63.6;2.7;80.4;15.4;
510;3.1;63.6;2.7;80.5;15.5;
511;3.1;63.7;2.5;80.4;15.4;
512;3.1;63.7;2.5;80.4;15.5;
513;3.1;63.8;2.8;80.5;15.2;
514;3.0;63.8;2.5;80.4;15.6;
515;3.0;63.9;2.4;80.4;15.5;
516;3.0;64.0;2.8;80.6;15.5;
517;3.0;64.0;2.7;80.6;15.2;
518;3.0;64.1;2.3;80.5;15.5;
519;3.0;64.2;2.6;80.5;15.2;
520;3.0;64.3;2.7;80.5;15.6;
521;3.0;64.3;2.5;80.7;15.2;
522;3.0;64.4;2.8;80.5;15.5;
523;2.9;64.5;2.4;80.7;15.2;
524;2.9;64.5;2.9;80.7;15.4;
525;2.9;64.6;2.7;80.7;15.2;
526;2.9;64.7;2.7;80.7;15.5;
527;2.9;64.8;2.6;80.6;15.2;
528;2.9;64.9;2.6;80.6;15.5;
529;2.9;65.0;2.4;80.7;15.2;
530;2.9;65.0;2.5;80.7;15.4;
531;2.9;65.1;2.4;80.5;15.2;
532;2.9;65.1;2.5;80.6;15.5;
533;2.9;65.2;2.5;80.7;15.2;
534;2.9;65.2;2.4;80.7;15.5;
535;2.8;65.2;3.0;80.7;15.1;
536;2.9;65.3;2.5;80.6;15.5;
537;2.9;65.3;2.4;80.7;15.1;
538;2.8;65.3;2.7;80.7;15.4;
539;2.8;65.3;2.7;80.7;15.1;
540;2.8;65.4;2.5;80.7;15.2;
541;2.8;65.4;2.7;80.7;15.1;
542;2.8;65.4;2.6;80.6;15.4;
543;2.8;65.4;2.7;80.7;15.1;
544;2.8;65.4;2.6;80.7;15.2;
545;2.8;65.5;2.4;80.7;15.1;
546;2.8;65.5;2.5;80.7;15.2;
547;2.8;65.5;2.9;80.7;15.0;
548;2.8;65.5;2.3;80.7;15.2;
549;2.8;65.5;2.7;80.7;14.8;
550;2.8;65.5;2.6;80.7;15.2;
551;2.8;65.5;2.7;80.7;15.0;
552;2.8;65.6;2.5;80.7;15.2;
553;2.8;65.6;2.6;80.7;15.0;
554;2.8;65.6;2.6;80.7;15.2;
555;2.8;65.6;2.5;80.7;14.8;
556;2.8;65.7;2.6;80.7;15.1;
557;2.8;65.7;2.2;80.7;14.8;
558;2.8;65.7;2.5;80.7;15.1;
559;2.7;65.7;2.7;80.6;14.8;
560;2.7;65.8;2.4;80.7;15.1;
561;2.7;65.8;2.6;80.7;14.7;
562;2.7;65.8;2.5;80.7;15.0;
563;2.7;65.9;2.9;80.7;14.8;
564;2.7;65.9;2.5;80.7;14.8;
565;2.7;65.9;2.2;80.7;14.7;
566;2.7;66.0;2.5;80.7;14.8;
567;2.7;66.0;2.8;80.7;14.7;
568;2.6;66.1;2.4;80.8;14.7;
569;2.6;66.1;2.6;80.8;14.7;
570;2.6;66.1;2.5;80.8;14.7;
571;2.6;66.2;2.7;80.8;14.7;
572;2.5;66.2;2.4;80.8;14.7;
573;2.6;66.3;2.6;80.8;14.4;
574;2.6;66.3;2.3;80.8;14.7;
575;2.5;66.3;2.6;80.8;14.4;
576;2.5;66.4;2.5;80.8;14.7;
577;2.5;66.4;2.7;80.8;14.4;
578;2.5;66.4;2.8;80.8;14.5;
579;2.5;66.4;2.6;80.8;14.3;
580;2.5;66.5;2.4;80.8;14.5;
581;2.4;66.5;2.4;80.8;14.3;
582;2.5;66.5;2.6;80.8;14.6;
583;2.4;66.6;2.5;80.8;14.4;
584;2.4;66.6;2.6;80.8;14.7;
585;2.4;66.6;2.8;80.8;14.3;
586;2.4;66.7;2.4;80.8;14.4;
587;2.4;66.7;2.4;80.8;14.3;
588;2.4;66.8;2.6;80.8;14.4;
589;2.4;66.8;2.5;80.8;13.5;
590;2.4;66.9;2.6;80.8;14.5;
591;2.4;66.9;2.5;80.8;14.3;
592;2.4;66.9;2.9;80.8;14.4;
593;2.4;67.0;2.5;80.8;13.9;
594;2.4;67.0;2.4;80.8;14.4;
595;2.4;67.0;2.4;80.8;14.3;
596;2.4;67.0;2.6;80.8;14.4;
597;2.4;67.1;2.6;80.8;14.1;
598;2.4;67.1;2.8;80.8;14.4;
599;2.4;67.1;2.7;80.8;14.3;
600;2.4;67.2;2.2;80.8;14.4;
601;2.4;67.2;2.7;80.9;14.3;
602;2.4;67.3;2.6;81.0;14.4;
603;2.3;67.4;2.4;80.9;14.2;
604;2.3;67.4;2.7;80.9;14.4;
605;2.3;67.5;2.6;80.9;14.3;
606;2.3;67.6;2.8;80.9;14.4;
607;2.3;67.7;2.5;80.9;14.3;
608;2.3;67.8;2.5;80.9;14.4;
609;2.3;67.8;2.8;80.9;14.1;
610;2.3;67.9;2.6;80.9;14.4;
611;2.3;67.9;2.3;80.9;14.3;
612;2.3;67.9;2.5;80.9;14.5;
613;2.3;67.9;2.7;80.9;14.3;
614;2.3;68.0;2.6;80.9;14.4;
615;2.3;68.0;2.7;80.9;14.3;
616;2.3;68.0;2.6;80.9;14.4;
617;2.3;68.0;2.4;80.9;15.2;
618;2.3;68.1;2.6;80.9;14.6;
619;2.3;68.1;2.8;81.0;14.3;
620;2.3;68.1;2.7;80.9;14.7;
621;2.3;68.1;2.7;81.0;14.3;
622;2.2;68.1;2.5;80.9;14.7;
623;2.2;68.2;3.0;80.9;14.3;
624;2.2;68.2;2.7;81.0;14.4;
625;2.2;68.2;2.7;81.0;14.3;
626;2.2;68.2;2.8;80.9;14.3;
627;2.2;68.2;2.8;81.0;14.3;
628;2.2;68.3;2.7;81.0;13.9;
629;2.2;68.3;3.0;81.0;14.3;
630;2.2;68.3;2.8;80.9;14.7;
631;2.2;68.3;3.1;81.0;14.0;
632;2.2;68.3;3.0;81.0;14.6;
633;2.2;68.3;2.8;81.0;14.3;
634;2.2;68.4;2.8;81.0;14.4;
635;2.2;68.4;2.7;81.0;14.0;
636;2.2;68.4;3.0;81.0;14.4;
637;2.2;68.4;2.6;81.0;14.3;
638;2.2;68.4;2.8;81.0;14.4;
639;2.2;68.5;2.6;81.0;14.3;
640;2.2;68.5;2.8;81.0;14.4;
641;2.2;68.5;2.9;81.0;14.3;
642;2.2;68.5;2.8;81.0;14.4;
643;2.2;68.5;3.0;81.0;14.3;
644;2.2;68.5;2.8;81.0;14.7;
645;2.2;68.5;2.6;81.0;14.2;
646;2.2;68.6;2.9;81.0;14.4;
647;2.2;68.6;2.8;81.0;14.7;
648;2.2;68.6;2.8;81.0;14.4;
649;2.2;68.6;2.8;81.0;14.3;
650;2.2;68.6;2.8;81.0;14.3;
651;2.2;68.6;2.5;81.0;14.3;
652;2.2;68.6;2.8;81.1;14.3;
653;2.2;68.6;2.9;81.0;14.0;
654;2.2;68.6;2.6;81.1;14.3;
655;2.2;68.6;2.7;81.1;14.0;
656;2.2;68.6;2.6;81.1;14.3;
657;2.2;68.6;2.6;81.1;14.0;
658;2.2;68.6;2.9;81.1;14.2;
659;2.2;68.7;3.0;81.1;14.0;
660;2.2;68.7;2.7;81.1;14.3;
661;2.2;68.7;2.4;81.1;14.0;
662;2.2;68.7;2.9;81.1;14.2;
663;2.2;68.7;2.8;81.1;13.9;
664;2.2;68.7;2.6;81.1;14.3;
665;2.2;68.8;2.5;81.1;13.8;
666;2.2;68.8;2.9;81.1;14.2;
667;2.1;68.8;2.7;81.1;13.9;
668;2.1;68.8;2.9;81.1;14.0;
669;2.2;68.8;2.6;81.1;13.9;
670;2.1;68.8;2.9;81.0;14.0;
671;2.1;68.8;2.7;81.1;13.9;
672;2.1;68.8;2.8;81.1;14.0;
673;2.1;68.9;2.7;81.1;13.9;
674;2.1;68.9;2.8;81.0;14.0;
675;2.1;68.9;2.6;81.1;13.6;
676;2.1;68.9;2.6;81.1;13.9;
677;2.1;68.9;2.7;81.1;13.7;
678;2.1;69.0;2.6;81.1;13.9;
679;2.1;69.0;2.9;81.1;13.6;
680;2.1;69.0;2.6;81.1;14.0;
681;2.1;69.1;2.5;81.1;13.6;
682;2.1;69.1;2.9;81.0;13.9;
683;2.1;69.1;3.9;81.0;13.6;
684;2.0;69.1;2.3;81.0;13.7;
685;2.1;69.1;2.6;81.0;13.6;
686;2.0;69.2;2.4;81.0;13.5;
687;2.0;69.2;2.4;81.1;13.6;
688;2.0;69.2;2.7;81.0;13.9;
689;2.0;69.2;2.5;81.1;13.5;
690;2.0;69.3;2.7;81.0;13.9;
691;2.0;69.3;2.4;81.1;13.6;
692;2.0;69.3;2.6;81.0;13.8;
693;2.0;69.3;2.6;81.1;13.6;
694;2.0;69.4;2.7;81.1;13.6;
695;2.0;69.4;2.7;81.0;13.5;
696;1.9;69.4;2.5;81.1;14.3;
697;1.9;69.4;2.6;81.0;13.5;
698;2.0;69.4;2.6;81.1;13.6;
699;1.9;69.5;2.8;81.1;13.5;
700;1.9;69.5;2.7;81.1;13.5;
701;1.9;69.5;2.5;81.1;13.5;
702;1.9;69.5;2.9;81.1;13.6;
703;1.9;69.5;2.8;81.1;13.5;
704;1.9;69.5;2.6;81.1;13.6;
705;1.9;69.5;2.7;81.1;13.6;
706;1.9;69.5;2.6;81.1;13.6;
707;1.9;69.6;2.8;81.1;13.5;
708;1.9;69.6;2.6;81.0;13.6;
709;1.9;69.6;2.8;81.0;13.3;
710;1.9;69.6;2.4;81.1;13.6;
711;1.9;69.6;2.6;81.1;13.5;
712;1.9;69.7;2.8;81.1;13.6;
713;1.9;69.7;2.9;81.1;13.2;
714;1.9;69.7;2.7;81.1;13.6;
715;1.9;69.8;2.8;81.1;13.2;
716;1.9;69.8;2.9;81.1;13.6;
717;1.9;69.8;2.5;81.1;13.9;
718;1.9;69.8;2.6;81.1;13.5;
719;1.9;69.9;2.6;81.1;13.5;
720;1.8;69.9;2.3;81.1;13.6;
721;1.8;69.9;2.4;81.1;13.3;
722;1.8;69.9;2.6;81.1;13.7;
723;1.8;69.9;2.4;81.1;13.2;
724;1.8;70.0;2.6;81.1;13.5;
725;1.8;70.0;2.8;81.1;13.5;
726;1.8;70.0;2.5;81.2;13.5;
727;1.8;70.1;2.6;81.1;13.3;
728;1.8;70.1;2.8;81.1;13.6;
729;1.8;70.1;2.5;81.1;13.2;
730;1.8;70.1;2.8;81.1;13.6;
731;1.8;70.2;2.8;81.1;13.1;
732;1.8;70.2;2.6;81.1;13.6;
733;1.8;70.2;2.7;81.2;13.5;
734;1.8;70.3;2.9;81.1;13.6;
735;1.8;70.3;2.5;81.2;13.5;
736;1.8;70.4;2.9;81.1;13.6;
737;1.8;70.4;3.0;81.1;13.3;
738;1.8;70.5;2.3;81.1;13.5;
739;1.7;70.6;2.6;81.0;13.5;
740;1.7;70.6;2.6;81.0;13.6;
741;1.8;70.7;2.5;80.9;13.5;
742;1.7;70.7;2.4;81.0;13.6;
743;1.7;70.8;2.2;80.7;13.5;
744;1.7;70.8;2.8;80.9;13.8;
745;1.8;70.8;2.6;80.9;13.2;
746;1.7;70.9;2.3;81.0;13.6;
747;1.7;70.9;2.5;80.9;13.5;
748;1.7;71.0;2.3;80.8;13.8;
749;1.8;71.0;2.5;81.0;13.2;
750;1.7;71.0;2.8;81.0;13.6;
751;1.7;71.1;2.6;81.1;13.2;
752;1.7;71.1;2.6;81.1;13.6;
753;1.7;71.2;2.4;81.1;13.5;
754;1.7;71.2;2.2;81.1;13.6;
755;1.7;71.3;2.4;81.1;13.1;
756;1.7;71.3;2.4;81.1;13.5;
757;1.7;71.4;2.6;81.1;13.1;
758;1.7;71.4;2.4;81.1;13.2;
759;1.7;71.5;2.4;81.2;13.1;
760;1.7;71.6;2.3;81.2;13.2;
761;1.7;71.6;2.4;81.2;13.1;
762;1.7;71.7;2.6;81.2;13.5;
763;1.7;71.8;2.6;81.1;13.1;
764;1.7;71.8;2.3;81.2;13.2;
765;1.7;71.8;2.5;81.2;13.2;
766;1.7;71.9;2.5;81.1;13.1;
767;1.7;71.9;2.3;81.1;13.1;
768;1.7;71.9;2.6;81.1;13.2;
769;1.7;71.9;2.7;81.1;13.1;
770;1.7;71.9;2.4;81.1;13.2;
771;1.7;71.9;2.5;81.2;12.8;
772;1.7;71.9;2.7;81.2;13.1;
773;1.7;72.0;2.3;81.2;12.8;
774;1.7;72.0;2.4;81.2;12.9;
775;1.7;72.0;2.4;81.2;12.1;
776;1.6;72.1;2.7;81.1;13.1;
777;1.6;72.1;2.5;81.2;12.9;
778;1.6;72.2;2.4;81.2;13.1;
779;1.6;72.2;2.4;81.2;12.5;
780;1.6;72.3;2.6;81.2;13.1;
781;1.6;72.3;2.8;81.2;12.8;
782;1.6;72.3;2.3;81.2;13.1;
783;1.7;72.3;2.5;81.2;12.5;
784;1.7;72.3;2.6;81.2;12.9;
785;1.6;72.3;2.7;81.2;12.0;
786;1.7;72.3;2.4;81.2;13.1;
787;1.6;72.3;2.6;81.2;12.7;
788;1.6;72.4;2.5;81.3;12.9;
789;1.6;72.4;2.3;81.3;12.5;
790;1.6;72.4;2.4;81.2;12.9;
791;1.6;72.5;2.5;81.2;12.5;
792;1.7;72.5;2.4;81.2;12.8;
793;1.7;72.5;2.6;81.2;12.7;
794;1.7;72.5;2.3;81.2;12.8;
795;1.6;72.6;2.6;81.2;12.5;
796;1.7;72.6;2.8;81.2;12.8;
797;1.6;72.6;2.6;81.2;12.4;
798;1.6;72.7;2.5;81.2;12.8;
799;1.6;72.7;2.4;81.2;12.4;
800;1.7;72.7;2.5;81.2;12.8;
801;1.7;72.8;2.5;81.2;12.4;
802;1.6;72.8;2.6;81.2;12.7;
803;1.6;72.8;2.7;81.2;12.3;
804;1.6;72.8;2.5;81.2;12.8;
805;1.6;72.8;2.4;81.2;12.4;
806;1.6;72.8;2.4;81.1;12.7;
807;1.6;72.8;2.7;81.0;12.4;
808;1.6;72.8;2.5;81.0;12.5;
809;1.7;72.8;2.4;80.9;12.3;
810;1.6;72.8;2.2;81.1;12.5;
811;1.6;72.8;2.3;81.1;12.3;
812;1.6;72.8;2.5;81.1;12.5;
813;1.6;72.8;2.1;81.1;12.3;
814;1.6;72.8;2.1;81.1;12.5;
815;1.6;72.8;2.1;81.1;12.1;
816;1.6;72.9;2.1;81.0;12.5;
817;1.6;72.9;2.3;81.1;12.1;
818;1.6;72.9;2.0;81.0;12.4;
819;1.6;72.9;2.2;81.0;12.1;
820;1.5;72.9;2.3;81.1;12.3;
821;1.5;73.0;2.2;81.2;12.1;
822;1.5;73.0;2.2;81.1;12.4;
823;1.5;73.0;1.8;81.1;12.0;
824;1.5;73.0;2.2;81.1;12.4;
825;1.5;73.0;1.8;81.1;12.0;
826;1.4;73.0;2.3;81.1;12.4;
827;1.5;73.0;2.2;81.1;11.1;
828;1.4;73.1;2.1;81.1;12.3;
829;1.4;73.1;1.8;81.1;12.0;
830;1.4;73.1;2.3;81.1;12.3;
831;1.4;73.2;2.2;81.2;12.0;
832;1.4;73.2;2.3;81.2;12.1;
833;1.3;73.2;2.4;81.1;12.0;
834;1.3;73.3;2.4;81.1;12.0;
835;1.3;73.3;2.2;81.1;12.0;
836;1.3;73.3;2.3;81.1;12.1;
837;1.3;73.3;2.0;81.2;11.9;
838;1.3;73.4;2.2;81.1;12.3;
839;1.3;73.4;1.8;81.1;12.0;
840;1.3;73.4;2.0;81.1;10.9;
841;1.3;73.4;2.3;81.1;11.9;
842;1.3;73.5;1.8;81.1;12.0;
843;1.2;73.5;2.0;81.1;11.5;
844;1.2;73.5;2.0;81.2;12.0;
845;1.2;73.6;2.3;81.2;11.7;
846;1.2;73.6;2.2;81.3;12.0;
847;1.2;73.7;2.4;81.2;11.7;
848;1.2;73.7;2.1;81.2;12.0;
849;1.2;73.8;2.1;81.3;11.7;
850;1.2;73.8;2.4;81.2;12.0;
851;1.2;73.9;2.2;81.3;11.6;
852;1.2;73.9;2.2;81.2;12.0;
853;1.2;74.0;2.0;81.2;11.7;
854;1.2;74.0;1.8;81.2;12.4;
855;1.2;74.0;2.0;81.1;11.6;
856;1.2;74.1;2.1;81.1;11.9;
857;1.2;74.1;2.4;81.1;11.5;
858;1.2;74.1;2.1;81.1;11.9;
859;1.1;74.1;1.5;80.9;11.7;
860;1.1;74.2;2.2;81.0;11.9;
861;1.1;74.2;2.1;81.1;11.7;
862;1.1;74.2;2.0;81.1;11.9;
863;1.1;74.2;2.2;81.1;11.6;
864;1.1;74.3;2.4;81.1;11.9;
865;1.1;74.3;2.0;81.0;11.6;
866;1.1;74.4;2.1;81.1;12.1;
867;1.1;74.4;2.1;81.1;11.6;
868;1.1;74.4;1.8;81.1;11.6;
869;1.1;74.5;2.2;81.1;11.5;
870;1.1;74.5;2.5;81.1;11.6;
871;1.1;74.5;2.1;81.1;12.3;
872;1.1;74.6;2.3;81.2;11.7;
873;1.1;74.6;2.1;81.2;11.2;
874;1.1;74.6;2.1;81.2;11.7;
875;1.1;74.6;2.2;81.1;11.3;
876;1.1;74.7;2.3;81.1;11.6;
877;1.1;74.7;2.2;81.2;11.3;
878;1.1;74.7;1.8;81.2;11.6;
879;1.1;74.7;2.2;81.2;11.3;
880;1.1;74.8;2.1;81.2;11.6;
881;1.1;74.8;2.3;81.2;11.3;
882;1.1;74.8;2.0;81.2;11.6;
883;1.0;74.8;2.0;81.2;11.3;
884;1.1;74.8;2.3;81.2;11.6;
885;1.1;74.8;2.1;81.2;11.2;
886;1.1;74.8;2.1;81.2;11.6;
887;1.0;74.9;2.0;81.2;11.2;
888;1.0;74.9;2.1;81.2;11.6;
889;1.0;74.9;2.1;81.2;11.2;
890;1.0;75.0;1.8;81.2;11.5;
891;1.0;75.0;2.3;81.1;11.3;
892;1.0;75.1;2.1;81.1;11.6;
893;1.0;75.1;2.1;81.1;11.2;
894;1.0;75.1;2.1;81.2;11.6;
895;1.0;75.2;1.8;81.2;11.2;
896;1.0;75.2;2.4;81.2;11.5;
897;1.0;75.2;2.1;81.2;11.2;
898;1.0;75.3;2.1;81.2;11.3;
899;1.0;75.3;2.1;81.2;11.2;
900;0.9;75.4;2.2;81.2;11.5;
901;0.9;75.4;2.0;81.2;10.8;
902;0.9;75.5;2.0;81.2;11.3;
903;0.9;75.5;2.0;81.2;11.1;
904;0.9;75.5;2.1;81.2;11.3;
905;0.9;75.5;2.3;81.2;11.1;
906;0.9;75.6;2.1;81.2;11.3;
907;0.9;75.6;2.4;81.2;11.1;
908;0.9;75.6;2.0;81.2;11.3;
909;0.9;75.7;2.2;81.2;11.1;
910;0.9;75.7;2.0;81.2;11.3;
911;0.9;75.7;1.6;81.2;10.9;
912;0.9;75.7;2.0;81.0;11.3;
913;0.9;75.8;2.3;81.1;11.3;
914;0.9;75.8;2.1;81.4;11.5;
915;0.9;75.8;1.8;81.9;11.1;
916;0.9;75.9;2.3;81.5;11.6;
917;0.9;75.9;2.1;81.7;11.2;
918;0.8;76.0;2.5;81.8;11.3;
919;0.8;76.1;2.2;81.7;11.3;
920;0.8;76.2;1.8;81.8;11.2;
921;0.8;76.2;2.1;81.7;11.1;
922;0.8;76.3;2.1;81.6;11.2;
923;0.8;76.4;2.1;81.6;10.9;
924;0.8;76.5;1.7;81.6;11.2;
925;0.8;76.5;2.0;81.6;10.8;
926;0.8;76.6;1.7;81.6;11.2;
927;0.8;76.7;2.1;81.6;10.8;
928;0.8;76.7;1.8;81.6;10.9;
929;0.8;76.7;2.1;81.7;10.8;
930;0.8;76.8;2.2;81.6;11.1;
931;0.8;76.8;2.1;81.7;10.8;
932;0.8;76.9;2.3;81.6;10.9;
933;0.8;76.9;2.3;81.6;10.9;
934;0.8;76.9;2.2;81.5;11.2;
935;0.8;77.0;1.6;81.5;10.8;
936;0.8;77.0;2.4;81.5;11.2;
937;0.8;77.0;2.1;81.6;10.8;
938;0.8;77.0;2.3;81.4;11.2;
939;0.8;77.0;2.2;81.2;10.8;
940;0.8;77.0;2.4;81.4;11.1;
941;0.8;77.0;2.0;81.4;10.8;
942;0.8;77.1;2.4;81.3;10.9;
943;0.8;77.1;1.8;81.4;10.9;
944;0.8;77.1;2.1;81.4;10.9;
945;0.8;77.2;2.1;81.3;10.7;
946;0.8;77.2;2.0;81.4;10.9;
947;0.8;77.2;2.2;81.5;10.5;
948;0.8;77.2;2.4;81.4;10.8;
949;0.8;77.3;1.7;81.4;10.5;
950;0.8;77.3;2.2;81.5;10.8;
951;0.8;77.3;2.4;81.5;10.5;
952;0.8;77.3;2.2;81.4;10.9;
953;0.8;77.3;1.7;81.4;10.7;
954;0.8;77.3;1.7;81.4;10.8;
955;0.8;77.3;2.1;81.4;10.5;
956;0.8;77.3;2.1;81.4;10.8;
957;0.8;77.3;2.1;81.4;10.5;
958;0.8;77.3;2.2;81.4;12.5;
959;0.8;77.3;2.0;81.3;10.4;
960;0.8;77.3;2.0;81.4;10.8;
961;0.8;77.3;2.2;81.4;10.4;
962;0.8;77.3;2.0;81.4;10.7;
963;0.8;77.3;2.1;81.4;10.5;
964;0.8;77.3;2.1;81.5;10.8;
965;0.8;77.4;2.3;81.5;10.4;
966;0.8;77.4;1.8;81.5;10.5;
967;0.8;77.4;2.2;81.5;10.3;
968;0.8;77.4;2.5;81.6;9.7;
969;0.8;77.4;2.1;81.6;10.1;
970;0.7;77.5;2.1;81.5;10.5;
971;0.7;77.5;2.0;81.6;10.4;
972;0.7;77.6;2.1;81.6;10.5;
973;0.7;77.7;2.5;81.6;10.4;
974;0.7;77.7;2.2;81.6;10.5;
975;0.7;77.7;2.3;81.6;10.2;
976;0.7;77.8;2.2;81.6;10.4;
977;0.7;77.8;2.5;81.6;10.1;
978;0.8;77.8;2.4;81.6;10.5;
979;0.7;77.9;2.3;81.6;10.1;
980;0.7;77.9;2.3;81.6;10.4;
981;0.7;77.9;2.3;81.6;10.1;
982;0.7;77.9;2.2;81.6;10.4;
983;0.7;77.9;2.0;81.6;10.1;
984;0.7;78.0;2.1;81.6;11.1;
985;0.7;77.9;2.3;81.6;10.1;
986;0.7;77.9;2.4;81.5;10.4;
987;0.7;77.9;2.3;81.5;10.1;
988;0.7;77.9;2.3;81.5;10.4;
989;0.7;77.9;2.1;81.5;10.0;
990;0.7;77.9;2.8;81.5;10.7;
991;0.7;77.9;2.3;81.6;10.0;
992;0.7;77.9;2.5;81.6;10.4;
993;0.7;77.9;2.5;81.6;10.0;
994;0.7;77.9;2.5;81.6;10.4;
995;0.7;77.9;2.2;81.5;10.0;
996;0.7;77.9;2.3;81.5;10.4;
997;0.7;77.9;2.3;81.6;10.0;
998;0.7;78.0;2.3;81.5;10.4;
999;0.7;78.0;2.4;81.6;10.0;
1000;0.7;78.0;2.0;81.5;10.2;
1001;0.7;78.0;2.5;81.6;10.1;
1002;0.7;78.0;2.4;81.6;10.1;
1003;0.7;78.0;2.4;81.6;10.0;
1004;0.7;78.0;2.3;81.6;10.1;
1005;0.7;78.0;2.5;81.6;10.0;
1006;0.7;78.0;2.5;81.6;10.2;
1007;0.7;78.0;2.4;81.6;10.0;
1008;0.7;78.0;2.4;81.6;10.3;
1009;0.7;78.0;2.7;81.6;10.0;
1010;0.7;78.0;2.1;81.6;10.1;
1011;0.7;78.1;2.5;81.6;9.7;
1012;0.7;78.1;2.2;81.5;10.1;
1013;0.7;78.1;2.4;81.6;9.9;
1014;0.7;78.1;2.3;81.6;10.1;
1015;0.7;78.1;2.3;81.6;9.7;
1016;0.7;78.0;2.5;81.6;10.1;
1017;0.7;78.0;2.3;81.6;9.9;
1018;0.7;78.0;2.5;81.6;10.1;
1019;0.7;78.0;2.2;81.6;9.7;
1020;0.7;78.0;2.5;81.6;10.1;
1021;0.7;78.0;2.2;81.6;9.7;
1022;0.7;78.0;2.1;81.6;10.0;
1023;0.7;78.0;2.6;81.6;9.7;
1024;0.7;78.0;2.3;81.6;10.0;
1025;0.7;78.0;2.4;81.6;9.7;
1026;0.7;78.0;2.4;81.6;10.0;
1027;0.7;78.0;2.2;81.6;9.7;
1028;0.7;78.1;2.3;81.6;10.0;
1029;0.7;78.1;2.3;81.6;9.6;
1030;0.7;78.1;2.4;81.5;10.0;
1031;0.7;78.1;2.3;81.5;9.6;
1032;0.7;78.1;2.3;81.6;10.0;
1033;0.7;78.1;2.2;81.5;9.6;
1034;0.7;78.1;2.3;81.5;9.8;
1035;0.7;78.2;2.6;81.5;9.6;
1036;0.7;78.2;2.2;81.5;9.8;
1037;0.7;78.2;2.5;81.5;9.4;
1038;0.7;78.2;2.4;81.6;10.0;
1039;0.7;78.2;2.1;81.6;9.6;
1040;0.7;78.2;2.7;81.6;10.0;
1041;0.7;78.2;2.6;81.6;9.6;
1042;0.7;78.2;2.2;81.5;9.9;
1043;0.7;78.2;2.2;81.6;9.6;
1044;0.7;78.2;2.4;81.5;10.0;
1045;0.7;78.2;2.2;81.6;9.6;
1046;0.7;78.2;2.2;81.6;9.4;
1047;0.7;78.2;2.3;81.5;9.6;
1048;0.7;78.2;2.2;81.5;9.9;
1049;0.7;78.2;2.4;81.6;9.6;
1050;0.7;78.2;2.2;81.6;9.7;
1051;0.7;78.3;2.3;81.6;9.5;
1052;0.7;78.3;2.4;81.6;10.0;
1053;0.7;78.3;2.1;81.6;9.3;
1054;0.7;78.3;2.4;81.6;9.7;
1055;0.7;78.3;2.1;81.6;9.5;
1056;0.7;78.3;2.3;81.6;9.7;
1057;0.7;78.3;2.2;81.6;9.3;
1058;0.7;78.4;2.2;81.6;9.9;
1059;0.6;78.4;2.2;81.7;9.3;
1060;0.7;78.4;2.0;81.7;9.6;
1061;0.6;78.5;2.4;81.7;9.3;
1062;0.6;78.5;2.2;81.7;10.0;
1063;0.7;78.6;2.3;81.7;10.1;
1064;0.6;78.6;2.2;81.7;9.6;
1065;0.6;78.6;1.8;81.7;9.3;
1066;0.7;78.7;2.2;81.6;9.6;
1067;0.7;78.7;2.1;81.6;9.3;
1068;0.7;78.7;1.6;81.6;9.6;
1069;0.6;78.7;2.2;81.7;9.2;
1070;0.6;78.7;2.2;81.6;9.5;
1071;0.6;78.8;2.0;81.7;9.2;
1072;0.7;78.8;2.1;81.7;9.6;
1073;0.6;78.8;2.3;81.6;9.2;
1074;0.6;78.8;2.3;81.7;9.6;
1075;0.7;78.8;2.0;81.7;9.3;
1076;0.6;78.8;2.2;81.7;9.6;
1077;0.6;78.8;2.2;81.7;9.2;
1078;0.7;78.9;2.3;81.7;9.6;
1079;0.6;78.9;2.1;81.7;9.2;
1080;0.6;78.9;2.0;81.6;9.4;
1081;0.6;78.9;2.2;81.7;9.0;
1082;0.6;78.9;2.2;81.7;9.3;
1083;0.7;78.9;2.3;81.7;9.2;
1084;0.6;78.9;2.2;81.7;9.5;
1085;0.6;78.9;2.5;81.7;9.2;
1086;0.6;78.9;2.3;81.7;9.3;
1087;0.6;78.9;2.4;81.7;8.9;
1088;0.6;78.9;2.2;81.7;9.3;
1089;0.6;78.9;2.5;81.7;9.0;
1090;0.7;79.0;2.3;81.7;9.4;
1091;0.7;79.0;2.3;81.7;8.9;
1092;0.7;79.0;2.6;81.7;9.3;
1093;0.7;79.0;2.5;81.7;9.3;
1094;0.7;79.0;2.7;81.7;9.6;
1095;0.7;79.0;2.7;81.7;8.9;
1096;0.7;79.0;1.8;81.7;9.3;
1097;0.7;79.0;2.6;81.7;9.2;
1098;0.7;79.0;2.4;81.6;9.6;
1099;0.7;79.0;2.5;81.6;9.0;
1100;0.6;79.0;2.4;81.6;9.3;
1101;0.6;79.0;2.4;81.6;9.2;
1102;0.6;79.0;2.5;81.6;9.4;
1103;0.6;79.0;2.2;81.6;9.0;
1104;0.6;79.0;2.2;81.6;9.3;
1105;0.7;79.1;2.3;81.6;9.2;
1106;0.6;79.1;2.4;81.6;9.3;
1107;0.6;79.1;2.6;81.6;9.0;
1108;0.6;79.1;2.2;81.6;9.4;
1109;0.6;79.1;2.5;81.6;9.2;
1110;0.6;79.1;2.5;81.6;9.6;
1111;0.6;79.1;2.2;81.6;8.8;
1112;0.6;79.1;2.5;81.6;9.3;
1113;0.6;79.1;2.4;81.6;9.2;
1114;0.6;79.1;2.4;81.6;8.8;
1115;0.6;79.1;2.1;81.6;9.2;
1116;0.6;79.1;2.3;81.6;9.5;
1117;0.6;79.1;2.3;81.6;9.0;
1118;0.6;79.1;2.2;81.6;9.3;
1119;0.6;79.1;2.5;81.6;9.0;
1120;0.6;79.1;2.5;81.6;9.4;
1121;0.6;79.2;2.3;81.6;8.9;
1122;0.6;79.2;2.1;81.6;9.3;
1123;0.6;79.2;2.3;81.6;8.9;
1124;0.6;79.2;2.4;81.6;9.3;
1125;0.6;79.2;2.3;81.6;8.9;
1126;0.6;79.2;2.4;81.6;9.3;
1127;0.6;79.2;2.2;81.6;8.9;
1128;0.6;79.2;2.4;81.6;9.2;
1129;0.6;79.2;2.5;81.6;8.8;
1130;0.6;79.2;2.3;81.6;9.2;
1131;0.6;79.3;2.2;81.6;8.8;
1132;0.6;79.3;2.1;81.6;9.3;
1133;0.6;79.3;2.3;81.6;8.9;
1134;0.6;79.3;2.2;81.6;9.3;
1135;0.6;79.3;2.2;81.7;8.9;
1136;0.6;79.3;2.4;81.7;9.3;
1137;0.6;79.3;2.1;81.7;8.8;
1138;0.6;79.3;2.1;81.7;9.2;
1139;0.6;79.3;2.2;81.8;8.6;
1140;0.6;79.3;2.2;81.8;9.2;
1141;0.5;79.3;2.4;81.8;8.8;
1142;0.5;79.3;2.4;81.8;9.3;
1143;0.6;79.4;2.3;81.8;8.9;
1144;0.5;79.4;2.3;81.8;8.9;
1145;0.5;79.4;2.3;81.8;8.8;
1146;0.5;79.4;2.3;81.8;8.9;
1147;0.5;79.5;2.4;81.7;8.8;
1148;0.5;79.5;2.0;81.6;9.0;
1149;0.5;79.5;2.1;81.5;8.8;
1150;0.5;79.5;2.2;81.6;8.9;
1151;0.5;79.5;2.3;81.5;8.8;
1152;0.5;79.5;2.4;81.5;9.2;
1153;0.5;79.5;2.3;81.6;8.8;
1154;0.5;79.6;2.3;81.6;9.2;
1155;0.5;79.6;2.3;81.6;8.6;
1156;0.5;79.6;2.3;81.7;8.9;
1157;0.5;79.7;2.4;81.6;8.6;
1158;0.5;79.7;2.4;81.7;8.9;
1159;0.5;79.7;2.2;81.7;8.6;
1160;0.5;79.7;1.7;81.6;8.9;
1161;0.5;79.7;2.1;81.6;8.5;
1162;0.5;79.8;2.2;81.6;9.2;
1163;0.4;79.8;2.5;81.6;8.8;
1164;0.5;79.8;2.3;81.6;8.9;
1165;0.5;79.8;2.2;81.6;8.9;
1166;0.5;79.8;2.3;81.6;9.0;
1167;0.5;79.8;2.6;81.6;8.8;
1168;0.4;79.8;2.4;81.6;8.9;
1931;-0.9;88.1;1.5;82.0;3.4;
1932;-0.8;88.1;1.2;82.0;3.9;
1933;-0.9;88.1;1.2;82.0;3.4;
1934;-0.9;88.1;1.2;82.0;2.7;
1935;-0.9;88.2;1.3;82.0;3.5;
1936;-0.8;88.2;1.5;82.0;3.9;
1937;-0.9;88.2;1.3;82.0;3.3;
1938;-0.9;88.2;1.2;82.0;3.9;
1939;-0.9;88.2;1.1;82.0;3.5;
1940;-0.9;88.2;1.1;82.0;3.9;
1941;-0.9;88.2;0.8;82.0;3.4;
1942;-0.9;88.2;1.2;82.0;3.9;
1943;-0.9;88.2;1.2;81.9;3.4;
1944;-0.9;88.3;1.0;82.0;3.9;
1945;-0.9;88.3;1.3;81.9;3.4;
1946;-0.8;88.3;1.2;81.9;4.1;
1947;-0.9;88.3;1.4;81.9;3.4;
1948;-0.9;88.3;0.9;81.9;3.9;
1949;-0.9;88.3;1.2;81.9;1.9;
1950;-0.9;88.3;1.1;81.9;3.9;
1951;-0.9;88.3;1.2;82.0;3.4;
1952;-0.9;88.3;1.3;82.0;3.8;
1953;-0.9;88.3;1.2;82.0;3.4;
1954;-0.9;88.3;1.4;82.0;4.1;
1955;-0.9;88.4;1.0;82.0;3.3;
1956;-0.9;88.4;1.3;82.0;3.8;
1957;-0.9;88.4;1.3;82.0;3.3;
1958;-0.9;88.4;1.2;82.0;4.3;
3033;-1.5;93.1;0.9;82.2;1.1;
3034;-1.5;93.1;1.2;82.1;1.5;
3035;-1.5;93.1;1.0;82.2;1.0;
3036;-1.5;93.1;0.3;82.1;1.5;
3037;-1.5;93.1;0.7;81.9;1.0;
