1274;21.9;20.8;22.200;44.966;24.029;
1275;21.9;21.2;22.300;45.064;23.736;
1276;21.9;21.1;22.300;44.673;24.029;
1277;21.9;21.2;22.500;44.282;23.761;
1278;21.9;20.9;22.600;44.282;23.834;
1279;21.9;20.9;22.700;44.086;23.761;
1280;21.9;20.9;22.800;44.086;24.029;
1281;21.9;21.1;22.800;43.988;23.785;
1282;21.9;21.0;22.900;43.500;23.761;
1283;21.9;21.1;22.800;43.500;23.736;
1284;21.9;21.2;22.800;43.695;24.054;
1285;21.9;21.2;22.800;44.184;23.761;
1286;21.9;21.2;22.800;44.184;24.005;
1287;21.9;21.2;22.700;44.477;23.761;
1288;21.9;21.5;22.700;44.282;24.029;
1289;21.9;21.0;22.700;44.282;23.785;
1290;21.9;21.3;22.600;44.966;24.005;
1291;21.9;20.7;22.600;45.161;23.761;
1292;21.9;21.1;22.600;45.259;24.029;
1293;21.9;21.2;22.500;44.966;23.785;
1294;21.9;21.1;22.500;44.575;23.785;
1295;21.9;21.2;22.500;44.379;23.736;
1296;21.9;21.4;22.400;44.282;23.810;
1297;21.9;21.4;22.400;44.282;23.785;
1298;21.9;21.2;22.400;44.282;24.054;
1299;21.9;21.0;22.400;44.184;23.736;
1300;21.9;21.0;22.400;43.597;24.005;
1301;21.9;21.0;22.400;43.500;23.761;
1302;21.9;20.9;22.400;43.304;23.810;
1303;21.9;21.2;22.400;43.500;23.785;
1304;21.9;21.4;22.400;43.695;24.029;
1305;21.9;21.2;22.400;43.988;23.785;
1306;21.9;21.0;22.400;44.184;24.029;
1307;21.9;21.0;22.300;44.282;23.761;
1308;21.9;21.2;22.300;44.379;23.810;
1309;21.9;21.3;22.300;44.282;23.761;
1310;21.9;21.3;22.300;44.477;23.834;
1311;21.9;21.1;22.300;44.770;23.785;
1312;21.9;21.2;22.300;45.064;24.005;
1313;21.9;21.2;22.200;45.259;23.736;
1314;21.9;21.4;22.200;45.259;23.980;
1315;21.9;20.8;22.200;45.064;23.810;
1316;21.9;21.3;22.200;44.575;24.029;
1317;21.9;21.2;22.200;44.379;23.785;
1318;21.9;21.1;22.200;44.086;24.029;
1319;21.9;21.1;22.200;44.184;23.980;
1320;21.9;21.2;22.200;44.086;23.834;
1321;21.9;21.2;22.200;44.086;23.761;
1322;21.9;21.1;22.200;44.086;24.005;
1323;21.9;21.2;22.200;43.988;23.785;
1324;21.9;21.0;22.200;43.500;23.810;
1325;21.9;21.1;22.200;43.500;23.810;
1326;21.9;21.3;22.200;43.597;24.029;
1327;21.9;21.2;22.200;43.500;23.785;
1328;21.9;21.0;22.200;43.891;24.029;
1329;21.9;20.8;22.200;44.282;23.761;
1330;21.9;21.4;22.200;44.379;23.785;
1331;21.9;21.3;22.200;44.477;23.736;
1332;21.9;21.1;22.200;44.477;24.005;
1333;21.9;21.0;22.200;44.575;23.785;
1334;21.9;21.0;22.200;44.868;23.834;
1335;21.9;21.1;22.200;44.673;23.785;
1336;21.9;21.3;22.200;45.259;23.761;
1337;21.9;21.0;22.200;45.357;23.761;
1338;21.9;20.9;22.200;44.770;23.785;
1339;21.9;21.1;22.200;44.477;23.834;
1340;21.9;21.3;22.200;44.282;23.834;
1341;21.9;21.3;22.200;44.379;23.785;
1342;21.9;21.1;22.200;44.184;23.834;
1343;21.9;21.1;22.200;44.379;23.834;
1344;21.9;21.3;22.200;44.477;23.785;
1345;21.9;21.0;22.300;44.379;23.785;
1346;21.9;21.0;22.400;43.793;24.029;
1347;21.9;21.1;22.500;43.793;23.785;
1348;21.9;21.3;22.600;43.597;23.761;
1349;21.9;21.2;22.800;43.793;23.834;
1350;21.9;20.8;22.900;44.184;24.029;
1351;21.9;21.1;22.900;44.575;23.810;
1352;21.9;21.2;22.900;44.673;24.029;
1353;21.9;21.2;23.000;44.966;23.761;
1354;21.9;21.0;23.000;45.064;24.005;
1355;21.9;21.1;23.000;45.161;23.810;
1356;21.9;21.0;23.000;45.064;24.029;
1357;21.9;21.1;23.000;45.259;23.761;
1358;21.9;21.2;23.000;45.259;24.029;
1359;21.9;20.9;23.000;45.455;24.005;
1360;21.9;20.9;23.000;45.650;23.834;
1361;21.9;21.0;23.000;45.943;23.785;
1362;21.9;21.2;23.000;45.846;24.054;
1363;21.9;21.1;23.000;45.748;23.834;
1364;21.9;21.1;22.900;45.748;24.054;
1365;21.9;21.0;22.800;45.357;23.785;
1366;21.9;21.1;22.800;45.064;24.005;
1367;21.9;21.1;22.700;44.868;23.810;
1368;21.9;21.3;22.700;44.575;23.810;
1369;21.9;21.2;22.600;44.379;23.810;
1370;21.9;21.1;22.600;44.575;24.005;
1371;21.9;21.0;22.500;44.379;23.785;
1372;21.9;21.2;22.400;43.793;24.029;
1373;21.9;20.9;22.400;43.891;23.785;
1374;21.9;21.1;22.300;43.891;24.029;
1375;21.9;21.3;22.300;44.184;23.761;
1376;21.9;21.0;22.300;44.575;23.810;
1377;21.9;21.2;22.400;44.673;23.785;
1378;21.9;21.0;22.400;44.673;23.834;
1379;21.9;21.1;22.500;44.966;23.761;
1380;21.9;21.1;22.500;45.161;24.029;
1381;21.9;21.1;22.500;45.552;23.785;
1382;21.9;21.4;22.500;45.748;24.029;
1383;21.9;20.8;22.500;45.357;23.736;
1384;21.9;21.1;22.500;44.673;24.005;
1385;21.9;21.0;22.500;44.673;23.761;
1386;21.9;21.2;22.500;44.575;24.005;
1387;21.9;21.4;22.400;44.477;24.005;
1388;21.9;21.1;22.400;44.086;24.029;
1389;21.9;21.0;22.400;44.184;23.761;
1390;21.9;20.9;22.400;43.891;24.005;
1391;21.9;21.3;22.400;43.891;23.785;
1392;21.9;20.8;22.300;43.988;23.834;
1393;21.9;21.4;22.300;44.184;23.834;
1394;21.9;21.0;22.300;44.477;24.029;
1395;21.9;21.1;22.300;44.379;23.785;
1396;21.9;21.2;22.300;44.770;23.785;
1397;21.9;21.3;22.300;44.673;23.785;
1398;21.9;21.2;22.200;44.575;24.029;
1399;21.9;21.2;22.200;44.770;23.785;
1400;21.9;21.1;22.200;44.770;23.810;
1401;21.9;21.1;22.200;44.868;23.761;
1402;21.9;21.3;22.200;45.064;24.029;
1403;21.9;21.2;22.200;44.868;23.761;
1404;21.9;21.1;22.200;45.161;24.029;
1405;21.9;21.2;22.200;45.161;23.810;
1406;21.9;20.9;22.200;45.455;24.005;
1407;21.9;21.3;22.200;45.846;23.761;
1408;21.9;21.0;22.200;45.259;24.029;
1409;21.9;21.2;22.200;44.966;23.761;
1410;21.9;21.0;22.100;44.477;23.810;
1411;21.9;21.3;22.100;44.575;23.810;
1412;21.9;21.2;22.100;44.477;24.029;
1413;21.9;21.4;22.100;44.379;23.761;
1414;21.9;21.4;22.100;43.988;23.834;
1415;21.9;21.1;22.100;43.793;23.785;
1416;21.9;21.2;22.100;44.379;24.029;
1417;21.9;21.1;22.100;44.868;23.785;
1418;21.9;21.3;22.100;44.868;24.054;
1419;21.9;21.3;22.100;44.770;23.761;
1420;21.9;20.8;22.100;45.357;23.785;
1421;21.9;21.4;22.100;45.650;23.761;
1422;21.9;21.3;22.100;45.064;24.005;
1423;21.9;21.3;22.100;44.477;23.785;
1424;22.0;20.8;22.100;44.379;24.054;
1425;21.9;21.0;22.100;44.477;23.785;
1426;21.9;21.3;22.100;44.282;24.029;
1427;21.9;21.3;22.100;43.597;23.761;
1428;21.9;21.5;22.100;43.891;23.834;
1429;21.9;20.9;22.100;44.184;23.810;
1430;21.9;21.2;22.000;44.477;24.054;
1431;21.9;21.1;22.000;44.770;23.785;
1432;21.9;21.5;22.000;44.966;24.054;
1433;21.9;21.2;22.000;44.966;23.761;
1434;21.9;21.1;22.000;45.064;24.029;
1435;21.9;21.2;22.000;45.455;23.834;
1436;21.9;21.3;22.000;45.455;24.029;
1437;21.9;20.9;22.000;45.552;23.761;
1438;21.9;21.4;22.000;45.161;24.029;
1439;21.9;21.0;22.000;45.064;23.810;
1440;21.9;21.0;22.000;45.064;23.810;
1441;21.9;21.1;22.000;44.868;23.785;
1442;21.9;21.1;22.000;44.868;24.029;
1443;21.9;21.0;22.000;44.770;23.810;
1444;21.9;21.1;22.000;44.966;23.810;
1445;21.9;21.2;22.000;44.868;23.761;
1446;21.9;21.1;22.000;44.673;24.029;
1447;21.9;21.4;22.000;44.673;23.736;
1448;21.9;21.3;22.000;44.673;23.834;
1449;21.9;21.2;22.000;44.868;23.761;
1450;22.0;21.4;21.900;44.673;24.029;
1451;22.0;21.3;21.900;44.477;23.761;
1452;22.0;21.2;21.900;44.477;24.029;
1453;21.9;21.2;21.900;44.477;23.785;
1454;21.9;21.0;21.900;44.575;23.834;
1455;21.9;21.3;21.900;44.477;23.761;
1456;21.9;20.9;21.900;44.379;23.785;
1457;21.9;21.0;21.900;44.477;23.761;
1458;22.0;21.1;21.900;44.575;23.834;
1459;21.9;21.2;21.900;44.282;23.785;
1460;21.9;21.3;21.900;44.282;23.834;
1461;22.0;21.3;21.900;43.988;23.834;
1462;22.0;21.0;21.900;43.988;24.054;
1463;21.9;21.0;21.900;43.695;23.785;
1464;21.9;21.3;21.900;44.086;24.005;
1465;21.9;21.2;21.900;44.477;23.810;
1466;21.9;21.2;21.900;44.673;24.054;
1467;21.9;21.4;21.900;44.868;23.785;
1468;21.9;21.4;21.900;44.966;24.029;
1469;21.9;20.9;21.900;44.966;23.785;
1470;21.9;21.0;22.000;45.357;23.834;
1471;21.9;21.2;22.100;45.748;23.810;
1472;21.9;21.3;22.100;45.552;24.005;
1473;21.9;21.0;22.200;45.064;23.785;
1474;21.9;21.0;22.300;44.868;24.054;
1475;22.0;21.4;22.400;44.770;23.785;
1476;21.9;21.1;22.400;44.673;24.005;
1477;21.9;20.7;22.400;44.477;23.810;
1478;22.0;21.2;22.500;44.379;24.029;
1479;21.9;21.4;22.400;43.891;24.005;
1480;21.9;20.9;22.400;44.086;24.029;
1481;21.9;21.3;22.400;44.184;23.834;
1482;21.9;20.6;22.400;44.086;24.054;
1483;21.9;21.2;22.400;44.379;23.810;
1484;21.9;21.5;22.300;44.770;24.029;
1485;21.9;21.4;22.300;44.868;23.980;
1486;21.9;21.1;22.300;44.673;24.029;
1487;21.9;21.3;22.300;45.064;24.029;
1488;21.9;21.2;22.200;44.868;24.029;
1489;21.9;21.1;22.200;45.064;23.785;
1490;21.9;21.2;22.200;44.868;24.029;
1491;21.9;21.2;22.100;45.064;23.785;
1492;21.9;21.0;22.100;45.552;24.078;
1493;21.9;20.9;22.100;45.650;23.810;
1494;21.9;21.2;22.100;45.748;24.029;
1495;21.9;21.2;22.100;45.455;23.785;
1496;21.9;21.5;22.100;45.455;23.810;
1497;21.9;21.2;22.100;45.552;23.810;
1498;21.9;21.4;22.000;44.966;24.005;
1499;21.9;21.2;22.000;44.575;23.810;
1500;21.9;21.1;22.000;44.868;24.054;
1501;21.9;21.1;22.000;44.282;23.810;
1502;21.9;21.2;22.000;44.575;24.005;
1503;21.9;21.2;22.000;44.575;23.834;
1504;21.9;21.2;22.000;43.793;24.029;
1505;21.9;21.2;22.000;43.988;23.785;
1506;21.9;21.4;22.000;44.184;23.834;
1507;21.9;21.4;22.000;44.673;24.005;
1508;21.9;21.1;22.000;44.868;24.029;
1509;21.9;21.0;22.100;45.259;23.761;
1510;21.9;20.9;22.100;45.064;24.029;
1511;21.9;21.4;22.200;45.357;23.785;
1512;21.9;21.3;22.200;45.748;23.980;
1513;21.9;21.5;22.300;45.846;23.810;
1514;21.9;21.0;22.300;45.357;24.054;
1515;21.9;21.1;22.300;44.868;23.785;
1516;21.9;21.1;22.300;44.673;24.078;
1517;21.9;21.3;22.300;44.673;23.785;
1518;21.9;21.2;22.300;44.477;24.029;
1519;21.9;21.0;22.300;44.086;23.810;
1520;21.9;21.1;22.300;43.891;24.054;
1521;21.9;21.0;22.200;44.575;24.005;
1522;21.9;21.2;22.200;45.064;24.054;
1523;21.9;21.2;22.200;44.966;24.029;
1524;21.9;21.1;22.100;45.064;24.054;
1525;21.9;21.1;22.100;45.748;24.029;
1526;21.9;20.8;22.000;45.552;24.029;
1527;21.9;20.8;22.000;45.161;23.810;
1528;21.9;20.9;22.000;44.770;24.151;
1529;21.9;20.9;22.000;44.477;23.785;
1530;21.9;21.2;21.900;44.379;24.054;
1531;21.9;21.2;21.900;44.282;23.810;
1532;21.9;21.5;21.900;43.695;24.029;
1533;21.9;21.4;21.900;43.988;23.785;
1534;21.9;20.9;21.900;44.673;24.029;
1535;21.9;21.1;21.900;45.064;23.785;
1536;21.9;21.3;21.900;45.064;24.005;
1537;21.9;21.2;21.900;44.966;23.785;
1538;21.9;21.2;21.800;45.161;23.980;
1539;21.9;21.1;21.800;45.650;23.785;
1540;21.9;21.1;21.800;45.846;24.078;
1541;21.9;21.3;21.800;45.748;23.810;
1542;21.9;21.0;21.800;45.064;24.029;
1543;21.9;21.5;21.800;44.966;23.785;
1544;21.9;21.1;21.900;45.064;24.029;
1545;21.9;21.1;21.900;44.770;23.810;
1546;21.9;21.4;21.900;44.868;24.005;
1547;21.9;21.2;21.900;44.477;24.005;
1548;21.9;21.5;21.900;43.793;23.834;
1549;21.9;21.0;21.800;43.695;23.810;
1550;21.9;21.0;21.800;43.597;24.103;
1551;21.9;21.1;21.800;43.695;23.810;
1552;21.9;21.3;21.800;44.086;24.029;
1553;21.9;21.0;21.800;44.673;23.834;
1554;21.9;21.3;21.800;44.966;24.029;
1555;21.9;21.2;21.900;44.966;23.810;
1556;21.9;21.3;21.900;44.868;24.029;
1557;21.9;21.1;21.900;45.161;23.785;
1558;21.9;21.1;21.900;45.259;23.785;
1559;21.9;21.1;21.900;45.161;23.785;
1560;21.9;21.2;21.900;45.846;24.078;
1561;21.9;21.1;21.900;45.748;23.834;
1562;21.9;21.2;21.900;46.041;24.078;
1563;21.9;21.3;21.900;45.357;24.005;
1564;21.9;20.9;21.900;45.064;24.054;
1565;21.9;21.2;21.900;44.575;23.810;
1566;21.9;21.3;21.900;44.673;24.054;
1567;21.9;20.9;21.900;44.868;23.761;
1568;21.9;21.2;22.000;44.868;24.029;
1569;21.9;21.0;22.000;44.575;24.029;
1570;21.9;21.3;21.900;44.379;24.078;
1571;21.9;21.4;21.900;44.086;23.761;
1572;21.9;21.4;21.900;44.086;23.761;
1573;21.9;21.1;21.900;44.184;23.810;
1574;21.9;21.3;21.900;44.575;24.029;
1575;21.9;21.3;21.900;44.966;24.029;
1576;21.9;21.2;21.900;44.966;24.029;
1577;21.9;21.2;22.000;45.161;24.005;
1578;21.9;21.2;22.100;45.161;24.029;
1579;21.9;21.7;22.200;45.552;23.785;
1580;21.9;21.3;22.300;45.846;24.029;
1581;21.9;21.2;22.400;46.041;23.785;
1582;21.9;21.0;22.500;45.455;24.078;
1583;21.9;21.6;22.500;44.770;23.810;
1584;21.9;21.3;22.500;44.966;23.834;
1585;21.9;21.1;22.500;44.868;24.005;
1586;21.9;21.2;22.500;44.575;24.029;
1587;21.9;21.2;22.500;44.868;23.785;
1588;21.9;21.2;22.400;44.379;23.785;
1589;21.9;20.8;22.400;43.891;23.761;
1590;21.9;21.0;22.400;44.184;24.054;
1591;21.9;21.2;22.300;44.770;23.834;
1592;21.9;21.3;22.300;45.748;24.005;
1593;21.9;21.4;22.300;45.943;23.834;
1594;21.9;21.2;22.200;46.139;24.005;
1595;21.9;21.4;22.200;46.139;23.810;
1596;21.9;21.2;22.200;46.334;23.834;
1597;21.9;21.0;22.200;46.628;23.785;
1598;21.9;21.0;22.100;46.334;24.029;
1599;21.9;21.2;22.100;45.943;23.785;
1600;21.9;21.2;22.100;46.139;24.054;
1601;21.9;21.0;22.100;45.650;23.834;
1602;21.9;21.3;22.100;45.259;24.078;
1603;21.9;21.1;22.100;45.161;23.980;
1604;21.9;21.3;22.100;45.064;24.029;
1605;21.9;21.0;22.000;44.966;23.810;
1606;21.9;21.3;22.000;44.966;24.029;
1607;21.9;21.2;22.100;45.064;24.029;
1608;21.9;21.3;22.100;44.966;23.834;
1609;21.9;21.1;22.100;44.575;23.785;
1610;21.9;21.4;22.200;44.477;24.029;
1611;21.9;21.0;22.300;44.575;23.761;
1612;21.9;21.2;22.300;45.161;24.029;
1613;21.9;21.2;22.300;45.064;23.736;
1614;22.0;21.3;22.300;45.552;23.785;
1615;22.0;21.1;22.300;45.943;23.785;
1616;21.9;21.2;22.200;45.846;24.005;
1617;21.9;21.1;22.200;45.650;22.955;
1618;21.9;21.0;22.200;46.334;21.441;
1619;21.9;21.5;22.100;46.237;23.810;
1620;21.9;21.4;22.100;46.334;21.074;
1621;22.0;21.3;22.100;46.334;23.321;
1622;22.0;21.0;22.100;45.846;24.005;
1623;21.9;21.1;22.100;45.650;23.761;
1624;22.0;21.2;22.100;45.650;24.005;
1625;22.0;21.2;22.100;45.552;23.785;
1626;22.0;21.0;22.000;45.455;23.834;
1627;22.0;21.3;22.000;44.868;23.810;
1628;22.0;21.4;22.000;45.064;24.005;
1629;22.0;21.3;22.000;45.650;23.736;
1630;22.0;21.1;22.000;45.650;23.785;
1631;22.0;21.2;22.000;45.748;23.785;
1632;22.0;21.3;22.000;46.041;24.054;
1633;22.0;21.1;21.900;45.943;23.785;
1634;22.0;21.1;21.900;46.432;23.980;
1635;22.0;21.1;21.900;46.725;23.761;
1636;22.0;21.0;21.900;46.334;23.834;
1637;22.0;21.2;21.900;46.041;23.785;
1638;22.0;21.6;21.900;45.552;24.029;
1639;22.0;21.4;21.900;45.161;23.761;
1640;22.0;21.2;21.900;45.552;24.005;
1641;22.0;21.1;21.900;45.259;23.785;
1642;22.0;21.1;21.900;45.357;23.810;
1643;22.0;21.1;21.900;45.064;23.761;
1644;22.0;21.3;21.900;44.966;23.810;
1645;22.0;21.1;21.800;45.161;23.785;
1646;22.0;21.4;21.800;44.966;24.029;
1647;22.0;21.3;21.800;45.064;23.810;
1648;22.0;21.5;21.800;45.455;24.005;
1649;22.0;21.2;21.800;45.650;23.761;
1650;22.0;21.3;21.800;45.943;24.005;
1651;22.0;21.2;21.800;45.943;23.785;
1652;22.0;21.3;21.800;46.432;24.005;
1653;22.0;21.2;21.700;46.432;23.810;
1654;22.0;20.9;21.700;45.943;23.834;
1655;22.0;21.2;21.700;45.552;23.761;
1656;22.0;21.1;21.700;45.552;23.785;
1657;22.0;21.2;21.700;45.455;23.785;
1658;22.0;21.0;21.700;45.357;23.785;
1659;22.0;21.5;21.700;45.064;23.785;
1660;22.0;21.2;21.700;44.868;23.810;
1661;22.0;21.1;21.700;44.770;23.810;
1662;22.0;21.2;21.700;45.259;23.810;
1663;22.0;21.2;21.700;45.650;23.736;
1664;22.0;21.2;21.700;45.650;23.785;
1665;22.0;21.6;21.700;46.041;23.736;
1666;22.0;21.1;21.700;46.041;23.785;
1667;22.0;21.1;21.700;46.139;23.761;
1668;22.0;21.0;21.700;46.237;23.810;
1669;22.0;21.2;21.700;46.628;23.736;
1670;22.0;21.2;21.700;46.432;24.005;
1671;22.0;21.4;21.700;46.139;23.785;
1672;21.9;21.3;21.700;45.943;23.810;
1673;21.9;21.3;21.700;45.650;23.712;
1674;22.0;21.7;21.800;45.650;23.785;
1675;21.9;21.3;21.800;45.650;23.785;
1676;22.0;21.2;21.800;45.650;24.029;
1677;22.0;21.3;21.800;45.552;23.761;
1678;22.0;21.1;21.800;45.748;24.029;
1679;22.0;21.1;21.700;45.455;23.785;
1680;22.0;21.2;21.700;45.161;23.834;
1681;22.0;21.4;21.700;44.770;23.785;
1682;22.0;21.2;21.700;44.966;24.029;
1683;21.9;21.0;21.700;44.966;23.614;
1684;22.0;21.3;21.700;44.966;24.005;
1685;22.0;21.1;21.700;45.259;23.785;
1686;22.0;21.1;21.700;45.455;23.785;
1687;21.9;21.3;21.700;45.748;23.785;
1688;21.9;21.2;21.600;45.846;24.005;
1689;22.0;21.3;21.600;45.943;23.761;
1690;22.0;20.9;21.600;45.846;23.834;
1691;22.0;21.1;21.600;45.943;24.005;
1692;21.9;21.3;21.600;45.943;24.029;
1693;22.0;21.2;21.600;46.139;23.761;
1694;22.0;21.4;21.600;46.237;23.834;
1695;22.0;20.9;21.600;46.628;23.785;
1696;22.0;21.0;21.600;46.530;23.810;
1697;21.9;21.2;21.600;46.823;23.736;
1698;22.0;21.3;21.600;46.432;23.810;
1699;21.9;21.3;21.600;46.237;23.785;
1700;22.0;21.5;21.600;45.943;23.785;
1701;21.9;21.2;21.600;45.846;23.736;
1702;22.0;21.0;21.600;45.846;23.810;
1703;22.0;21.5;21.600;45.650;23.761;
1704;21.9;21.1;21.600;45.846;24.029;
1705;21.9;21.4;21.600;45.552;23.761;
1706;21.9;21.1;21.700;45.650;24.005;
1707;21.9;21.3;21.700;45.259;23.736;
1708;22.0;21.4;21.700;45.259;23.810;
1709;22.0;21.2;21.800;45.161;23.761;
1710;22.0;21.2;21.900;45.064;23.810;
1711;22.0;21.3;21.900;44.868;23.736;
1712;22.0;21.2;22.000;44.966;24.005;
1713;22.0;21.1;22.000;45.357;23.761;
1714;22.0;21.4;22.100;45.161;24.029;
1715;22.0;21.3;22.000;45.455;23.810;
1716;22.0;21.4;22.000;45.748;24.029;
1717;22.0;21.1;22.000;45.943;23.785;
1718;22.0;21.4;21.900;46.041;24.005;
1719;22.0;21.0;21.900;46.041;23.761;
1720;22.0;21.3;21.900;46.139;24.029;
1721;22.0;21.5;21.900;45.943;23.736;
1722;22.0;21.0;21.800;45.943;24.029;
1723;22.0;21.4;21.800;46.139;23.980;
1724;22.0;21.2;21.800;46.432;23.810;
1725;22.0;21.4;21.800;46.725;23.810;
1726;22.0;21.2;21.700;46.823;24.029;
1727;22.0;21.6;21.700;46.432;23.785;
1728;22.0;21.3;21.700;46.334;23.980;
1729;22.0;21.3;21.700;45.943;23.761;
1730;22.0;21.5;21.600;45.748;24.029;
1731;22.0;21.5;21.600;45.748;23.712;
1732;22.0;21.1;21.600;45.650;24.005;
1733;22.0;21.4;21.600;45.357;23.761;
1734;22.0;21.1;21.600;45.357;24.005;
1735;22.0;21.1;21.600;45.161;23.736;
1736;22.0;21.2;21.600;44.966;23.810;
1737;22.0;21.4;21.500;45.357;23.736;
1738;22.0;20.8;21.500;45.748;24.005;
1739;22.0;21.1;21.500;46.041;23.712;
1740;22.0;21.2;21.500;46.041;24.029;
1741;22.0;21.2;21.600;46.334;23.785;
1742;22.0;21.1;21.900;46.432;24.005;
1743;22.0;21.1;22.200;46.628;23.761;
1744;22.0;21.4;22.500;46.823;23.834;
1745;22.0;21.2;22.900;46.530;23.810;
1746;22.0;21.1;23.200;46.041;24.029;
1747;22.0;21.2;23.400;45.943;23.736;
1748;22.0;21.3;23.500;45.846;23.810;
1749;22.0;21.1;23.600;45.650;23.761;
1750;22.0;21.1;23.500;45.650;24.005;
1751;22.0;21.2;23.500;45.161;23.834;
1752;22.0;21.1;23.400;45.064;23.980;
1753;22.0;21.3;23.200;45.455;23.834;
1754;22.0;21.3;23.100;45.552;23.785;
1755;22.0;21.2;23.000;46.041;23.761;
1756;22.0;21.1;22.900;46.139;23.980;
1757;22.0;21.0;22.800;45.943;23.785;
1758;22.0;21.2;22.700;46.041;24.029;
1759;22.0;21.4;22.600;46.432;23.810;
1760;22.0;21.1;22.500;46.628;23.834;
1761;22.0;21.3;22.400;46.823;23.785;
1762;22.0;21.4;22.300;46.725;23.785;
1763;22.0;21.3;22.300;46.432;23.785;
1764;22.0;21.0;22.200;46.139;24.005;
1765;22.0;21.2;22.100;45.943;23.785;
1766;22.0;21.5;22.100;45.943;24.029;
1767;22.0;21.4;22.000;45.748;23.761;
1768;22.0;21.3;22.000;45.846;24.029;
1769;22.0;21.3;21.900;45.846;23.761;
1770;22.0;21.3;21.900;45.748;23.785;
1771;22.0;21.3;21.900;45.357;24.005;
1772;22.0;21.5;21.900;45.259;23.785;
1773;22.0;21.0;21.800;45.064;23.761;
1774;22.0;21.2;21.800;45.259;24.029;
1775;22.0;21.5;21.800;45.552;23.761;
1776;22.0;21.2;21.700;45.552;24.005;
1777;22.0;21.5;21.700;45.943;23.785;
1778;22.0;21.2;21.700;46.041;24.029;
1779;22.0;21.1;21.700;45.846;23.785;
1780;22.0;21.5;21.600;46.139;23.810;
1781;22.0;21.1;21.600;46.237;23.736;
1782;22.0;21.3;21.600;46.334;24.005;
1783;22.0;21.5;21.600;46.628;23.785;
1784;22.0;21.2;21.500;46.628;24.054;
1785;22.0;21.2;21.500;46.725;23.785;
1786;22.0;21.1;21.600;46.041;24.029;
1787;22.0;21.6;21.600;45.748;23.761;
1788;22.0;21.6;21.600;45.748;24.127;
1789;22.0;20.8;21.700;45.455;23.761;
1790;22.0;21.2;21.700;45.748;23.834;
1791;22.0;21.3;21.800;45.650;23.810;
1792;22.0;21.1;21.800;45.552;24.029;
1793;22.0;21.3;21.900;45.064;23.761;
1794;22.0;21.0;22.000;44.966;23.834;
1795;22.0;21.6;22.100;45.161;23.785;
1796;22.0;21.3;22.200;45.552;23.761;
1797;22.0;21.0;22.300;45.846;23.785;
1798;22.0;21.1;22.300;45.943;24.029;
1799;22.0;21.0;22.400;46.237;23.761;
1800;22.0;21.4;22.400;46.041;24.029;
1801;22.0;21.5;22.400;46.139;23.785;
1802;22.0;20.9;22.400;46.432;23.810;
1803;22.0;21.0;22.300;46.530;23.785;
1804;22.0;21.2;22.300;46.823;24.005;
1805;22.0;21.4;22.200;46.530;23.785;
1806;22.0;21.0;22.200;46.237;23.834;
1807;22.0;21.1;22.200;46.041;23.761;
1808;22.0;21.0;22.100;45.943;24.029;
1809;22.0;21.2;22.100;45.650;23.785;
1810;22.0;21.3;22.000;45.748;24.029;
1811;22.0;21.3;22.000;45.748;23.785;
1812;22.0;21.1;21.900;45.161;24.005;
1813;22.0;21.1;21.900;44.966;23.736;
1814;22.0;21.1;21.900;45.357;24.005;
1815;22.0;21.1;21.900;45.650;23.736;
1816;22.0;21.4;21.800;45.943;24.029;
1817;22.0;21.2;21.800;46.041;23.810;
1818;22.0;21.5;21.800;46.237;23.834;
1819;22.0;21.3;21.800;46.237;23.810;
1820;22.1;21.5;21.700;46.334;23.834;
1821;22.0;21.2;21.700;46.725;23.736;
1822;22.0;21.2;21.700;47.116;23.834;
1823;22.0;21.3;21.700;46.237;23.761;
1824;22.0;21.2;21.700;46.041;24.005;
1825;22.0;21.2;21.600;46.041;23.736;
1826;22.0;21.1;21.600;45.943;23.810;
1827;22.0;21.2;21.600;45.846;23.810;
1828;22.1;21.1;21.600;45.650;24.029;
1829;22.0;21.3;21.600;45.259;23.761;
1830;22.0;21.2;21.600;45.357;23.785;
1831;22.0;21.1;21.600;45.846;23.785;
1832;22.0;21.4;21.500;46.237;24.029;
1833;22.0;21.3;21.500;46.334;23.761;
1834;22.0;21.1;21.500;46.237;23.810;
1835;22.1;21.6;21.500;46.041;23.785;
1836;22.0;21.3;21.500;46.628;23.980;
1837;22.0;21.0;21.500;46.432;23.736;
1838;22.0;21.0;21.500;45.748;23.639;
1839;22.0;21.0;21.500;45.455;23.639;
1840;22.0;21.2;21.500;45.357;23.687;
1841;22.1;20.9;21.500;45.259;23.639;
1842;22.0;21.4;21.500;45.064;23.687;
1843;22.0;21.2;21.400;44.966;23.639;
1844;22.0;21.2;21.400;44.966;23.834;
1845;22.0;21.1;21.400;45.161;23.712;
1846;22.0;21.0;21.400;46.041;23.980;
1847;22.0;21.4;21.300;58.749;23.736;
1848;22.0;21.4;21.300;25.318;23.834;
1849;22.0;21.0;21.300;25.904;23.761;
1850;22.0;21.1;21.300;22.678;23.785;
1851;22.0;21.2;21.200;23.558;23.736;
1852;22.0;21.4;21.200;24.829;23.785;
1853;22.0;21.2;21.200;25.122;23.785;
1854;22.0;21.2;21.200;24.927;24.005;
1855;22.0;21.1;21.100;24.731;23.736;
1856;22.0;21.3;21.100;24.536;23.419;
1857;22.0;21.3;21.200;24.927;23.736;
1858;22.0;21.0;21.300;25.122;23.834;
1859;22.0;20.8;21.500;26.882;23.370;
1860;22.0;21.2;21.800;26.588;24.029;
1861;22.0;21.4;22.100;26.491;23.785;
1862;22.0;21.5;22.400;26.686;24.005;
1863;22.0;20.9;22.700;26.491;23.712;
1864;22.1;21.4;22.900;26.882;23.370;
1865;22.0;21.3;23.100;27.566;23.053;
1866;22.1;21.4;23.200;28.055;23.297;
1867;22.0;21.3;23.400;28.543;23.248;
1868;22.1;21.0;23.600;28.935;23.590;
1869;22.1;21.1;23.700;28.739;22.906;
1870;22.1;21.0;23.800;29.032;22.979;
1871;22.1;21.1;23.800;29.228;23.785;
1872;22.1;21.3;23.700;29.228;24.054;
1873;22.1;21.2;23.500;29.326;23.736;
1874;22.1;21.0;23.400;29.619;23.810;
1875;22.0;21.6;23.200;29.814;23.736;
1876;22.1;21.5;23.000;30.010;23.810;
1877;22.1;21.3;22.800;30.108;23.736;
1878;22.0;21.3;22.600;30.499;23.810;
1879;22.0;21.0;22.500;30.499;23.785;
1880;22.1;21.4;22.300;30.596;23.810;
1881;22.1;21.2;22.200;29.814;23.736;
1882;22.1;21.2;22.100;30.010;23.810;
1883;22.1;21.5;22.100;29.228;23.761;
1884;22.0;21.4;22.000;28.739;24.029;
1885;22.0;21.3;22.100;28.739;23.761;
1886;22.1;21.5;22.100;28.641;24.029;
1887;22.0;21.4;22.100;28.446;23.712;
1888;22.1;21.5;22.200;27.957;23.785;
1889;22.1;21.3;22.200;28.250;23.785;
1890;22.1;21.3;22.200;27.664;23.834;
1891;22.1;21.3;22.100;27.077;23.761;
1892;22.1;21.4;22.100;26.393;23.834;
1893;22.1;21.6;22.000;25.806;23.736;
1894;22.0;21.5;21.900;25.611;24.005;
1895;22.1;21.5;21.900;27.175;23.736;
1896;22.1;21.1;21.900;27.957;23.785;
1897;22.0;21.6;21.800;28.250;23.712;
1898;22.1;21.2;21.800;28.739;23.810;
1899;22.1;21.0;21.800;28.837;23.785;
1900;22.1;21.3;21.800;28.935;23.785;
1901;22.1;21.3;21.900;29.130;23.785;
1902;22.1;21.2;21.900;29.326;23.810;
1903;22.0;21.4;21.900;29.814;23.761;
1904;22.0;21.1;22.000;30.205;23.834;
1905;22.0;21.4;22.000;30.205;23.761;
1906;22.0;21.4;21.900;29.814;23.834;
1907;22.1;21.2;21.800;29.130;23.736;
1908;22.0;21.1;21.800;28.837;23.785;
1909;22.0;21.5;21.700;28.739;23.785;
1910;22.0;21.6;21.700;29.032;23.810;
1911;22.0;21.0;21.600;28.739;23.712;
1912;22.0;21.2;21.600;28.152;23.810;
1913;22.0;21.2;21.500;27.468;23.761;
1914;22.0;21.3;21.500;27.761;23.785;
1915;22.0;21.4;21.400;28.641;23.736;
1916;22.0;21.4;21.400;29.619;24.054;
1917;22.0;21.2;21.300;30.108;23.785;
1918;22.0;21.3;21.300;30.108;24.029;
1919;22.0;21.5;21.300;30.108;23.834;
1920;22.0;21.3;21.300;30.694;23.810;
1921;22.0;21.4;21.300;31.183;23.761;
1922;22.0;21.4;21.300;30.987;24.005;
1923;22.0;21.4;21.300;29.912;23.736;
1924;22.0;21.3;21.300;29.326;24.029;
1925;22.0;21.7;21.300;29.228;23.761;
1926;22.0;21.1;21.400;29.228;23.761;
1927;22.0;21.7;21.400;29.326;23.736;
1928;22.0;21.1;21.500;28.739;24.029;
1929;22.0;21.6;21.600;27.566;23.761;
1930;22.0;21.7;21.700;27.468;23.810;
1931;22.0;21.6;21.800;28.446;23.761;
1932;22.0;21.3;21.900;29.912;24.029;
1933;22.0;21.4;21.900;30.303;23.736;
1934;22.0;21.3;22.000;30.987;23.810;
1935;22.0;21.5;22.000;30.987;23.761;
1936;22.0;21.6;22.100;31.183;23.810;
1937;22.0;21.5;22.100;31.672;20.122;
1938;22.0;21.1;22.200;32.063;23.980;
1939;22.0;21.3;22.200;30.694;23.761;
1940;22.0;21.6;22.200;29.717;23.810;
1941;22.0;21.4;22.200;28.935;23.736;
1942;22.0;21.2;22.200;29.130;23.980;
1943;22.0;21.5;22.200;28.641;23.785;
1944;22.0;21.6;22.200;28.543;24.005;
1945;22.0;21.2;22.200;28.152;23.785;
1946;22.0;21.3;22.200;27.370;23.443;
1947;22.0;21.3;22.100;28.055;23.761;
1948;22.0;21.5;22.100;29.032;24.029;
1949;22.0;21.4;22.100;29.717;23.761;
1950;22.0;21.3;22.100;30.010;23.834;
1951;22.0;21.5;22.000;30.108;23.761;
1952;22.0;21.6;22.000;30.108;23.834;
1953;22.0;21.3;22.000;30.108;23.785;
1954;22.0;21.3;22.100;30.108;24.029;
1955;22.0;21.5;22.100;30.499;23.761;
1956;22.0;21.4;22.200;30.792;23.834;
1957;22.0;21.3;22.300;30.987;23.712;
1958;22.0;21.3;22.300;30.499;23.834;
1959;22.0;21.3;22.500;30.499;23.785;
1960;22.0;21.1;22.500;29.912;23.810;
1961;22.0;21.4;22.600;29.423;23.785;
1962;22.0;21.3;22.700;29.521;24.029;
1963;22.0;21.5;22.800;29.326;23.736;
1964;22.0;21.5;22.900;29.228;23.810;
1965;22.0;21.5;22.900;29.130;23.785;
1966;22.0;21.1;23.000;29.130;23.980;
1967;22.0;21.6;23.000;28.837;23.761;
1968;22.1;21.3;23.100;28.348;23.834;
1969;22.0;21.6;23.100;28.055;23.712;
1970;22.0;21.3;23.100;28.739;24.005;
1971;22.0;21.6;23.100;29.326;23.712;
1972;22.0;21.5;23.100;30.010;24.029;
1973;22.0;21.4;23.100;30.303;23.761;
1974;22.0;21.6;23.000;30.205;23.834;
1975;22.0;21.5;23.000;30.303;23.785;
1976;22.0;21.5;22.900;30.108;23.834;
1977;22.0;21.6;22.900;30.890;23.785;
1978;22.0;21.2;22.900;31.476;24.005;
1979;22.0;21.6;22.900;30.596;23.785;
1980;22.0;21.4;22.900;29.814;24.029;
1981;22.0;21.5;22.900;29.130;23.761;
1982;22.0;21.2;22.900;29.032;23.980;
1983;22.0;21.3;22.900;29.032;23.761;
1984;22.1;21.3;22.900;28.935;23.810;
1985;22.0;21.7;22.900;28.543;23.761;
1986;22.0;21.1;22.900;28.250;23.810;
1987;22.0;21.4;22.900;28.837;23.810;
1988;22.0;21.6;22.900;29.717;23.834;
1989;22.0;21.4;23.000;30.010;23.761;
1990;22.0;21.6;23.200;30.108;24.005;
1991;22.0;21.5;23.300;30.010;23.687;
1992;22.0;21.6;23.500;30.596;23.785;
1993;22.0;21.6;23.600;31.085;23.736;
1994;22.0;21.8;23.700;30.694;24.005;
1995;22.0;21.5;23.800;29.717;23.761;
1996;22.0;21.6;23.800;29.326;24.029;
1997;22.0;21.5;23.800;29.326;23.761;
1998;22.0;21.3;23.900;29.228;24.029;
1999;22.0;21.5;23.900;29.228;23.810;
2000;22.0;21.6;23.900;28.739;23.834;
2001;22.0;21.5;23.900;28.250;23.785;
2002;22.0;21.6;23.900;28.543;24.029;
2003;22.0;21.6;23.900;28.935;23.785;
2004;22.0;21.2;23.800;29.814;23.834;
2005;22.0;21.5;23.800;30.108;23.785;
2006;22.0;21.6;23.700;30.303;24.029;
2007;22.0;21.1;23.700;30.401;23.810;
2008;22.0;21.3;23.600;30.303;23.834;
2009;22.0;21.3;23.600;30.596;23.736;
2010;22.0;21.4;23.600;30.987;24.005;
2011;22.0;21.4;23.600;31.183;23.785;
2012;22.0;21.3;23.600;31.574;24.005;
2013;22.1;21.8;23.600;30.792;23.785;
2014;22.0;21.3;23.700;30.108;23.810;
2015;22.0;21.5;23.700;29.521;23.785;
2016;22.0;21.4;23.600;29.423;24.029;
2017;22.0;21.4;23.600;29.228;23.785;
2018;22.0;21.2;23.500;29.032;24.054;
2019;22.0;21.5;23.400;29.032;23.761;
2020;22.1;21.6;23.400;28.641;23.785;
2021;22.0;21.6;23.300;28.348;23.761;
2022;22.0;21.3;23.300;27.859;23.785;
2023;22.0;21.4;23.200;27.859;23.785;
2024;22.1;21.0;23.200;28.935;23.810;
2025;22.0;21.8;23.200;29.814;23.736;
2026;22.0;21.4;23.300;30.303;23.834;
2027;22.1;21.6;23.300;30.303;23.785;
2028;22.1;21.3;23.400;30.401;23.834;
2029;22.1;21.4;23.400;30.499;23.785;
2030;22.1;21.1;23.500;30.792;24.005;
2031;22.0;21.5;23.500;31.378;23.736;
2032;22.1;21.3;23.400;31.965;24.005;
2033;22.0;21.5;23.400;31.183;23.785;
2034;22.1;21.1;23.300;30.108;23.785;
2035;22.1;21.5;23.200;29.326;23.736;
2036;22.0;21.3;23.200;29.326;23.834;
2037;22.0;21.4;23.200;29.130;23.785;
2038;22.0;21.6;23.200;28.739;24.029;
2039;22.1;21.4;23.200;28.446;23.736;
2040;22.0;21.7;23.100;28.250;23.810;
2041;22.1;21.3;23.100;27.370;23.785;
2042;22.0;21.5;23.100;28.152;23.810;
2043;22.1;21.6;23.100;29.228;24.005;
2044;22.1;21.4;23.000;30.205;23.980;
2045;22.1;21.5;23.000;30.596;23.785;
2046;22.1;21.1;22.900;30.792;24.029;
2047;22.1;21.3;22.900;30.596;23.736;
2048;22.1;21.5;22.900;30.890;24.029;
2049;22.1;21.4;22.900;31.574;23.736;
2050;22.1;21.4;23.000;31.769;23.810;
2051;22.1;21.6;23.200;30.890;23.785;
2052;22.1;21.3;23.300;29.521;23.785;
2053;22.1;21.0;23.400;29.326;23.785;
2054;22.1;21.2;23.500;29.032;23.834;
2055;22.1;21.4;23.500;29.130;23.785;
2056;22.1;21.5;23.400;28.152;23.834;
2057;22.1;21.4;23.400;27.664;23.761;
2058;22.1;21.7;23.300;28.152;23.810;
2059;22.1;21.4;23.200;29.423;23.736;
2060;22.0;21.3;23.100;30.499;23.834;
2061;22.0;21.2;23.000;30.596;23.810;
2062;22.0;21.6;22.900;30.694;24.005;
2063;22.0;21.2;22.800;30.694;23.785;
2064;22.0;21.4;22.800;31.476;23.834;
2065;22.0;21.3;22.700;32.063;23.761;
2066;22.0;21.2;22.700;31.378;24.005;
2067;22.0;21.3;22.700;30.303;23.736;
2068;22.0;21.2;22.800;29.228;24.029;
2069;22.0;21.4;22.800;28.837;23.761;
2070;22.0;21.4;22.800;29.032;23.834;
2071;22.0;21.4;22.900;29.228;23.736;
2072;22.0;21.5;23.000;28.739;23.785;
2073;22.0;21.2;23.000;28.446;23.761;
2074;22.0;21.6;23.100;27.859;23.761;
2075;22.0;21.5;23.100;28.837;23.761;
2076;22.0;21.4;23.200;30.010;24.054;
2077;22.0;21.7;23.200;30.401;23.736;
2078;22.0;21.5;23.200;30.499;24.029;
2079;22.0;21.4;23.200;30.499;23.785;
2080;22.1;21.2;23.200;30.303;24.005;
2081;22.0;21.5;23.200;30.792;23.761;
2082;22.0;21.5;23.300;31.183;24.029;
2083;22.0;21.6;23.300;31.769;23.761;
2084;22.0;21.5;23.300;31.574;24.029;
2085;22.0;21.4;23.200;30.987;23.736;
2086;22.0;21.4;23.200;30.108;23.785;
2087;22.0;21.9;23.200;29.326;23.761;
2088;22.0;21.4;23.200;29.326;23.810;
2089;22.0;21.3;23.100;29.130;23.785;
2090;22.0;21.5;23.100;29.130;24.029;
2091;22.0;21.3;23.000;29.130;23.834;
2092;22.0;21.6;23.000;28.739;23.810;
2093;22.0;21.3;22.900;28.641;23.785;
2094;22.0;21.4;22.900;28.055;24.029;
2095;22.0;21.3;22.800;27.175;23.712;
2096;22.0;21.5;22.800;28.055;23.834;
2097;22.0;21.3;22.800;28.446;23.761;
2098;22.0;21.1;22.800;29.326;23.834;
2099;22.0;21.6;22.800;29.814;23.980;
2100;22.1;21.7;22.800;30.303;21.758;
2101;22.0;21.4;22.900;30.499;23.370;
2102;22.1;21.4;23.100;30.401;24.029;
2103;22.1;21.3;23.700;30.499;23.736;
2104;22.1;21.1;24.500;30.499;24.029;
2105;22.1;21.4;25.100;30.401;23.810;
2106;22.1;21.3;25.400;30.694;24.029;
2107;22.1;21.5;25.700;30.499;23.761;
2108;22.1;21.3;25.700;30.596;23.810;
2109;22.1;21.4;25.900;31.085;23.785;
2110;22.1;21.3;25.700;30.890;23.785;
2111;22.1;21.5;25.500;31.281;23.785;
2112;22.1;21.7;25.300;31.574;24.005;
2113;22.1;21.3;25.100;31.281;23.785;
2114;22.1;21.2;24.900;30.792;23.810;
2115;22.1;21.6;24.700;30.108;23.761;
2116;22.1;21.3;24.500;29.912;24.005;
2117;22.1;21.3;24.300;29.423;23.785;
2118;22.1;21.7;24.100;29.228;24.005;
2119;22.1;21.6;24.000;29.326;23.785;
2120;22.1;21.3;23.800;29.228;23.834;
2121;22.1;21.8;23.700;29.228;23.736;
2122;22.1;21.3;23.600;29.326;24.029;
2123;22.1;21.3;23.400;29.326;23.810;
2124;22.1;21.5;23.300;29.228;23.834;
2125;22.1;21.5;23.300;29.032;23.761;
2126;22.1;21.5;23.200;28.837;24.005;
2127;22.1;21.7;23.100;28.641;23.785;
2128;22.1;21.5;23.100;28.543;24.078;
2129;22.1;21.5;23.100;28.543;23.736;
2130;22.1;21.4;23.100;27.859;24.029;
2131;22.1;21.5;23.100;28.543;23.761;
2132;22.1;21.6;23.100;28.739;23.810;
2133;22.1;21.3;23.100;28.935;23.785;
2134;22.1;21.5;23.000;29.032;23.980;
2135;22.1;21.2;23.000;29.521;23.712;
2136;22.1;21.7;23.000;29.814;24.029;
2137;22.1;21.5;23.000;29.912;23.736;
2138;22.1;21.4;23.000;30.108;23.980;
2139;22.1;21.8;23.000;30.010;23.736;
2140;22.1;21.6;23.000;30.303;24.005;
2141;22.1;21.6;23.000;30.499;23.785;
2142;22.1;21.3;23.000;30.499;24.005;
2143;22.1;21.6;23.000;30.499;23.785;
2144;22.1;21.3;23.000;30.694;24.029;
2145;22.1;21.3;23.000;30.694;23.810;
2146;22.1;21.3;23.000;30.596;23.834;
2147;22.1;21.4;23.000;30.890;23.785;
2148;22.1;21.8;23.000;31.281;24.054;
2149;22.1;21.3;23.000;31.574;23.761;
2150;22.1;21.6;22.900;31.672;23.810;
2151;22.1;21.6;22.900;31.672;23.785;
2152;22.1;21.2;22.900;30.890;23.810;
2153;22.1;21.5;22.800;30.596;23.785;
2154;22.1;21.6;22.800;30.108;24.054;
2155;22.1;21.2;22.800;29.619;23.785;
2156;22.1;21.4;22.800;29.717;24.005;
2157;22.1;21.7;22.800;29.717;23.785;
2158;22.1;21.3;22.800;29.619;24.029;
2159;22.1;21.4;22.800;29.619;23.785;
2160;22.1;21.3;22.800;29.619;23.785;
2161;22.1;21.3;22.800;29.326;23.761;
2162;22.1;21.1;22.800;29.032;23.834;
2163;22.1;21.6;22.800;28.935;23.736;
2164;22.1;21.7;22.800;28.446;24.029;
2165;22.1;21.5;22.800;29.130;23.761;
2166;22.1;21.4;22.800;29.130;23.785;
2167;22.1;21.6;22.800;29.619;23.761;
2168;22.1;21.3;22.800;30.205;23.810;
2169;22.1;21.2;22.800;30.499;23.761;
2170;22.1;21.6;22.800;30.303;23.810;
2171;22.1;21.3;22.800;30.694;23.736;
2172;22.1;21.6;22.800;30.792;24.029;
2173;22.1;21.5;22.800;30.987;23.736;
2174;22.1;21.3;22.800;30.792;24.029;
2175;22.1;21.4;22.700;30.499;23.761;
2176;22.1;21.5;22.700;30.890;23.980;
2177;22.1;21.4;22.700;30.890;23.736;
2178;22.1;21.4;22.700;31.183;23.980;
2179;22.1;21.3;22.600;31.281;23.810;
2180;22.1;21.3;22.600;31.378;24.005;
2181;22.1;21.5;22.600;31.769;23.785;
2182;22.1;21.7;22.600;31.672;23.761;
2183;22.1;21.4;22.600;32.063;23.712;
2184;22.1;21.7;22.600;31.672;23.810;
2185;22.1;21.4;22.600;31.672;23.761;
2186;22.1;21.6;22.500;30.987;23.810;
2187;22.1;21.7;22.500;30.694;23.785;
2188;22.1;21.6;22.500;30.401;23.810;
2189;22.1;21.7;22.500;30.205;23.736;
2190;22.1;21.7;22.500;29.912;23.810;
2191;22.1;21.4;22.500;29.521;23.785;
2192;22.1;21.4;22.500;29.521;23.810;
2193;22.1;21.5;22.500;29.521;23.736;
2194;22.1;21.2;22.500;29.521;23.834;
2195;22.1;21.2;22.500;29.521;23.736;
2196;22.1;21.4;22.600;29.130;24.005;
2197;22.1;21.3;22.600;29.228;24.005;
2198;22.1;21.3;22.700;29.228;23.761;
2199;22.1;21.5;22.800;29.326;23.736;
2200;22.1;21.6;22.800;29.032;23.980;
2201;22.1;21.3;22.900;28.739;23.785;
2202;22.1;21.7;23.000;28.446;23.785;
2203;22.1;21.6;23.000;28.055;23.736;
2204;22.1;21.5;23.100;28.055;23.810;
2205;22.1;21.4;23.200;28.739;23.785;
2206;22.1;21.4;23.200;29.423;23.785;
2207;22.1;21.5;23.200;30.010;23.785;
2208;22.1;21.8;23.200;30.303;24.029;
2209;22.1;21.4;23.200;30.401;23.761;
2210;22.1;21.5;23.100;30.499;23.810;
2211;22.1;21.6;23.100;30.694;23.785;
2212;22.1;21.4;23.100;30.499;24.029;
2213;22.1;21.1;23.000;30.694;23.761;
2214;22.1;21.4;23.000;30.987;23.834;
2215;22.1;21.5;22.900;30.890;23.736;
2216;22.1;21.6;22.900;31.183;24.029;
2217;22.1;21.9;22.800;31.476;23.736;
2218;22.1;21.1;22.800;31.476;23.834;
2219;22.1;21.4;22.800;31.476;23.761;
2220;22.1;21.5;22.800;30.987;23.785;
2221;22.1;21.5;22.800;30.792;23.785;
2222;22.1;21.5;22.800;30.401;24.029;
2223;22.1;21.4;22.800;30.205;23.834;
2224;22.1;21.6;22.800;29.912;23.810;
2225;22.1;21.6;22.700;29.912;24.005;
2226;22.1;21.5;22.700;29.619;24.029;
2227;22.1;21.5;22.700;29.717;23.785;
2228;22.1;21.6;22.700;29.717;23.810;
2229;22.1;21.3;22.600;29.619;23.785;
2230;22.2;21.6;22.600;29.619;24.029;
2231;22.1;21.4;22.500;29.619;23.761;
2232;22.1;21.5;22.500;29.717;24.029;
2233;22.1;21.5;22.400;29.619;23.761;
2234;22.1;21.4;22.400;29.912;24.029;
2235;22.1;21.6;22.400;29.814;23.736;
2236;22.1;21.5;22.300;29.814;24.005;
2237;22.1;21.1;22.300;29.717;23.785;
2238;22.1;21.6;22.300;29.521;24.005;
2239;22.1;21.4;22.200;29.521;23.785;
2240;22.1;21.5;22.200;29.521;23.980;
2241;22.1;21.3;22.200;29.521;24.005;
2242;22.1;21.4;22.200;29.423;23.834;
2243;22.1;21.5;22.200;29.814;23.761;
2244;22.1;21.4;22.200;29.521;24.005;
2245;22.2;21.5;22.200;29.423;23.785;
2246;22.1;21.5;22.200;29.130;23.980;
2247;22.1;21.5;22.200;29.326;23.810;
2248;22.2;21.8;22.200;29.326;23.785;
2249;22.2;21.2;22.200;29.521;23.785;
2250;22.1;21.6;22.100;28.837;24.029;
2251;22.1;21.7;22.100;28.837;23.736;
2252;22.2;21.2;22.100;28.446;24.005;
2253;22.2;21.7;22.100;28.250;23.810;
2254;22.2;21.7;22.100;27.859;23.980;
2255;22.2;21.4;22.000;28.348;23.785;
2256;22.2;21.6;22.000;28.837;23.834;
2257;22.2;21.4;22.000;29.228;23.785;
2258;22.2;21.1;22.000;29.814;24.029;
2259;22.2;21.5;22.000;30.108;23.761;
2260;22.2;21.3;22.000;30.205;24.005;
2261;22.2;21.6;22.100;30.499;23.761;
2262;22.1;21.4;22.100;30.694;23.785;
2263;22.2;21.6;22.100;30.499;23.736;
2264;22.1;21.6;22.100;30.401;24.029;
2265;22.1;21.7;22.100;30.499;23.736;
2266;22.1;21.2;22.100;30.499;23.980;
2267;22.1;21.2;22.100;30.596;23.785;
2268;22.1;21.5;22.100;30.596;23.810;
2269;22.1;21.3;22.100;30.499;23.761;
2270;22.2;21.6;22.100;30.792;23.810;
2271;22.1;21.3;22.100;30.401;23.785;
2272;22.1;21.4;22.200;30.596;23.785;
2273;22.1;21.5;22.200;30.890;23.761;
2274;22.1;21.2;22.200;30.987;23.443;
2275;22.1;21.2;22.200;31.085;23.394;
2276;22.1;21.6;22.300;31.183;23.394;
2277;22.1;21.8;22.300;31.476;23.370;
2278;22.1;21.2;22.400;31.769;23.639;
2279;22.1;21.1;22.400;31.574;23.346;
2280;22.1;21.3;22.400;31.476;23.663;
2281;22.1;21.4;22.300;31.574;23.370;
2282;22.1;21.5;22.300;31.281;23.639;
2283;22.1;21.4;22.200;31.085;23.394;
2284;22.2;21.1;22.100;30.792;23.639;
2285;22.1;21.5;22.000;30.890;23.663;
2286;22.1;21.6;21.900;30.596;23.663;
2287;22.1;21.8;21.800;30.303;23.663;
2288;22.1;21.6;21.800;30.108;23.639;
2289;22.1;21.4;21.700;30.205;23.394;
2290;22.1;21.4;21.600;29.912;23.394;
2291;22.1;21.4;21.600;30.010;23.785;
2292;22.1;21.6;21.600;30.010;23.785;
2293;22.1;21.4;21.500;29.814;23.785;
2294;22.1;21.4;21.500;30.010;23.785;
2295;22.1;21.4;21.500;29.912;23.712;
2296;22.1;21.3;21.500;30.108;23.810;
2297;22.1;21.5;21.500;30.303;23.736;
2298;22.1;21.5;21.500;30.499;23.810;
2299;22.1;21.7;21.400;30.890;23.761;
2300;22.1;21.4;21.400;31.085;23.785;
2301;22.1;21.3;21.400;31.574;23.785;
2302;22.1;21.5;21.400;31.769;23.810;
2303;22.1;21.5;21.400;31.769;23.736;
2304;22.1;21.4;21.400;31.574;24.029;
2305;22.1;21.4;21.400;31.476;23.614;
2306;22.1;21.5;21.300;31.281;23.370;
2307;22.1;21.4;21.300;30.792;23.028;
2308;22.1;21.4;21.200;30.792;23.736;
2309;22.1;21.8;21.200;30.792;23.834;
2310;22.1;21.2;21.200;30.694;24.029;
2311;22.1;21.4;21.200;30.694;23.785;
2312;22.1;21.6;21.200;30.694;24.029;
2313;22.1;21.4;21.200;30.499;23.785;
2314;22.1;21.7;21.200;30.108;24.078;
2315;22.1;21.4;21.200;29.521;23.785;
2316;22.1;21.4;21.200;29.130;23.834;
2317;22.1;21.3;21.200;28.641;23.785;
2318;22.1;21.5;21.100;28.837;23.810;
2319;22.1;21.4;21.100;28.935;23.785;
2320;22.1;21.3;21.100;29.228;24.029;
2321;22.1;21.5;21.100;29.521;23.785;
2322;22.1;21.6;21.000;29.521;24.054;
2323;22.1;21.1;21.000;29.326;23.785;
2324;22.1;21.6;21.000;29.619;23.834;
2325;22.1;21.4;21.000;29.521;23.785;
2326;22.1;21.4;21.000;29.521;24.029;
2327;22.1;21.2;21.000;29.423;23.785;
2328;22.1;21.4;21.000;29.423;24.005;
2329;22.1;21.8;20.900;29.228;23.761;
2330;22.1;21.4;20.900;28.543;24.054;
2331;22.1;21.2;20.900;28.837;23.785;
2332;22.1;21.4;20.900;28.837;24.054;
2333;22.2;21.2;20.900;29.326;23.761;
2334;22.1;21.4;20.900;29.814;23.834;
2335;22.1;21.4;20.900;30.401;23.761;
2336;22.1;21.5;21.000;30.499;24.054;
2337;22.1;21.5;21.000;30.694;23.761;
2338;22.2;21.3;21.100;30.792;23.834;
2339;22.1;21.9;21.100;30.694;23.785;
2340;22.1;21.6;21.100;30.596;24.029;
2341;22.2;21.3;21.200;30.890;23.785;
2342;22.1;21.2;21.200;31.281;23.785;
2343;22.1;21.7;21.200;31.281;23.785;
2344;22.1;21.5;21.200;31.574;24.005;
2345;22.2;21.2;21.200;31.672;23.785;
2346;22.1;21.4;21.200;31.769;24.005;
2347;22.2;21.2;21.200;31.574;23.785;
2348;22.1;21.0;21.100;31.574;23.834;
2349;22.2;21.3;21.100;31.574;23.834;
2350;22.1;21.3;21.100;31.476;24.005;
2351;22.1;21.4;21.000;31.574;23.834;
2352;22.1;21.3;21.000;31.867;24.029;
2353;22.1;21.5;21.000;31.769;23.810;
2354;22.2;21.4;20.900;31.672;23.248;
2355;22.1;21.8;20.900;31.378;23.394;
2356;22.2;21.3;20.900;31.476;24.054;
2357;22.2;21.6;20.900;31.574;23.810;
2358;22.2;21.5;20.800;31.281;24.005;
2359;22.2;21.5;20.800;31.672;23.785;
2360;22.1;21.2;20.800;31.672;23.810;
2361;22.2;21.6;20.800;43.402;23.736;
2362;22.1;21.6;20.800;43.402;24.029;
2363;22.2;21.4;20.800;25.513;23.761;
2364;22.2;21.3;20.800;25.122;24.054;
2365;22.1;21.7;20.700;24.633;23.810;
2366;22.2;21.4;20.700;24.242;24.029;
2367;22.2;21.8;20.700;24.047;23.761;
2368;22.2;21.4;20.700;24.145;23.834;
2369;22.2;21.2;20.700;23.949;23.834;
2370;22.2;21.3;20.700;23.851;23.834;
2371;22.2;21.4;20.700;24.242;23.785;
2372;22.2;21.3;20.700;24.829;23.834;
2373;22.2;21.4;20.700;25.318;23.736;
2374;22.2;21.7;20.800;25.806;23.785;
2375;22.2;21.3;21.000;26.979;23.761;
2376;22.2;21.5;21.400;26.882;24.054;
2377;22.2;21.8;21.800;27.077;23.761;
2378;22.2;21.2;22.200;26.686;24.005;
2379;22.2;21.4;22.500;26.979;23.785;
2380;22.2;21.4;22.800;26.979;23.834;
2381;22.2;21.4;22.800;27.370;23.785;
2382;22.2;21.7;22.800;27.273;24.005;
2383;22.2;21.4;22.700;27.468;23.785;
2384;22.2;21.9;22.600;28.152;24.029;
2385;22.2;21.3;22.500;28.348;23.761;
2386;22.2;21.4;22.400;28.739;23.810;
2387;22.2;21.4;22.400;29.130;23.785;
2388;22.2;21.5;22.300;29.423;24.029;
2389;22.2;21.4;22.300;29.912;23.810;
2390;22.2;21.5;22.200;29.814;23.810;
2391;22.2;21.6;22.200;29.326;23.834;
2392;22.2;21.5;22.100;29.423;24.005;
2393;22.2;21.4;22.100;29.032;23.834;
2394;22.2;20.9;22.000;28.837;24.005;
2395;22.2;21.6;22.000;28.837;23.736;
2396;22.2;21.5;22.000;28.837;24.054;
2397;22.2;21.3;21.900;28.935;23.785;
2398;22.2;21.5;21.900;28.837;23.810;
2399;22.2;21.7;21.900;28.935;23.785;
2400;22.2;21.5;21.800;28.837;23.785;
2401;22.2;21.4;21.800;28.837;23.736;
2402;22.2;21.5;21.800;28.446;23.834;
2403;22.2;21.6;21.800;28.446;23.834;
2404;22.2;21.3;21.700;27.957;23.834;
2405;22.2;21.6;21.700;28.055;23.810;
2406;22.2;21.6;21.700;27.859;24.029;
2407;22.2;21.5;21.700;27.761;23.785;
2408;22.2;21.3;21.600;27.468;23.810;
2409;22.2;21.7;21.600;27.175;23.785;
2410;22.2;21.7;21.600;27.468;23.810;
2411;22.2;21.2;21.500;27.273;23.810;
2412;22.2;21.5;21.500;27.273;23.834;
2413;22.2;21.3;21.500;26.979;23.761;
2414;22.2;21.4;21.500;26.393;24.054;
2415;22.2;21.7;21.500;26.588;23.785;
2416;22.2;21.5;21.500;26.393;23.810;
2417;22.2;21.4;21.500;26.491;23.785;
2418;22.2;21.7;21.400;26.588;23.834;
2419;22.2;21.4;21.400;26.588;23.736;
2420;22.2;21.5;21.400;26.491;23.785;
2421;22.2;21.6;21.300;26.197;23.761;
2422;22.2;21.6;21.300;26.588;24.054;
2423;22.2;21.7;21.300;26.197;23.785;
2424;22.2;21.8;21.300;26.491;24.054;
2425;22.2;21.4;21.300;26.197;23.761;
2426;22.2;21.5;21.300;26.295;24.029;
2427;22.2;21.6;21.300;26.295;23.785;
2428;22.2;21.4;21.300;26.588;23.736;
2429;22.2;21.6;21.300;26.491;23.785;
2430;22.2;21.4;21.400;26.393;23.834;
2431;22.2;21.6;21.500;26.784;23.761;
2432;22.3;21.5;21.700;26.588;24.078;
2433;22.2;21.7;21.900;26.588;23.810;
2434;22.2;21.8;22.100;26.784;24.029;
2435;22.2;21.7;22.300;26.979;23.761;
2436;22.2;21.6;22.500;26.882;23.834;
2437;22.2;21.7;22.600;26.882;23.810;
2438;22.3;21.3;22.600;27.077;24.054;
2439;22.2;21.5;22.600;27.077;23.810;
2440;22.3;21.5;22.600;26.979;24.054;
2441;22.2;21.6;22.600;26.784;23.736;
2442;22.3;21.8;22.600;26.979;24.029;
2443;22.3;21.6;22.500;26.686;23.785;
2444;22.2;21.6;22.500;26.393;23.810;
2445;22.3;21.5;22.400;26.393;23.736;
2446;22.3;21.6;22.400;26.002;24.029;
2447;22.3;21.6;22.300;26.295;23.810;
2448;22.3;21.6;22.300;26.100;23.834;
2449;22.3;21.4;22.200;26.295;23.810;
2450;22.3;21.6;22.200;26.491;24.029;
2451;22.3;21.6;22.100;26.100;23.810;
2452;22.3;21.8;22.100;26.686;24.054;
2453;22.3;21.5;22.100;26.686;23.785;
2454;22.3;21.7;22.100;26.882;24.029;
2455;22.3;21.7;22.100;27.077;23.785;
2456;22.3;21.5;22.000;27.273;23.785;
2457;22.3;21.4;22.000;27.468;23.761;
2458;22.3;21.7;22.000;27.761;23.272;
2459;22.3;21.6;22.000;27.468;23.761;
2460;22.3;21.8;22.000;27.468;24.029;
2461;22.3;21.4;22.000;27.566;23.785;
2462;22.3;21.7;22.000;27.859;24.078;
2463;22.3;21.5;22.000;27.859;23.736;
2464;22.3;21.3;22.000;28.152;23.810;
2465;22.3;21.7;22.000;28.641;23.761;
2466;22.3;21.6;22.000;29.717;23.810;
2467;22.3;21.7;22.000;30.499;23.761;
2468;22.3;21.5;22.000;30.987;23.810;
2469;22.3;21.3;22.100;30.499;23.785;
2470;22.3;21.8;22.100;30.108;23.834;
2471;22.3;21.8;22.100;29.326;23.736;
2472;22.3;21.8;22.100;29.619;23.810;
2473;22.3;21.7;22.200;29.130;23.761;
2474;22.3;21.8;22.200;29.130;24.005;
2475;22.3;21.6;22.200;28.837;23.785;
2476;22.3;21.5;22.100;28.446;23.810;
2477;22.3;21.6;22.100;27.761;23.736;
2478;22.3;21.5;22.100;27.077;23.810;
2479;22.3;21.5;22.100;26.100;23.736;
2480;22.3;21.4;22.000;26.491;23.834;
2481;22.3;21.5;22.000;26.491;23.785;
2482;22.3;21.8;22.000;26.979;23.810;
2483;22.3;21.6;22.000;27.664;23.761;
2484;22.3;21.5;21.900;27.664;24.005;
2485;22.3;21.6;21.900;27.566;23.761;
2486;22.3;21.1;21.900;27.664;23.810;
2487;22.3;21.6;21.900;27.664;23.761;
2488;22.3;21.5;21.900;27.566;23.834;
2489;22.3;21.5;21.900;27.468;23.785;
2490;22.3;21.4;21.900;27.566;24.005;
2491;22.2;21.9;21.800;27.957;23.761;
2492;22.3;21.6;21.800;27.664;24.005;
2493;22.3;21.4;21.800;28.055;24.005;
2494;22.3;21.7;21.800;28.055;23.834;
2495;22.2;21.4;21.700;28.055;23.761;
2496;22.3;21.7;21.700;27.957;23.834;
2497;22.3;21.7;21.700;27.957;23.785;
2498;22.3;21.5;21.600;27.859;24.029;
2499;22.3;21.8;21.600;27.957;23.736;
2500;22.3;21.7;21.600;27.761;24.029;
2501;22.3;21.5;21.600;28.152;23.761;
2502;22.3;21.7;21.600;27.957;23.834;
2503;22.3;21.6;21.600;27.859;23.810;
2504;22.3;22.1;21.600;28.055;24.005;
2505;22.3;21.7;21.600;28.055;23.761;
2506;22.3;21.7;21.700;28.055;23.980;
2507;22.3;21.8;21.700;27.859;23.736;
2508;22.3;21.5;21.700;27.761;24.029;
2509;22.3;21.5;21.700;27.761;23.736;
2510;22.3;21.6;21.700;28.055;24.005;
2511;22.3;21.6;21.700;27.761;23.736;
2512;22.3;21.8;21.600;27.664;24.029;
2513;22.3;21.7;21.600;27.859;23.785;
2514;22.3;21.2;21.600;27.957;24.029;
2515;22.3;21.6;21.600;27.957;23.810;
2516;22.3;21.8;21.600;28.152;23.810;
2517;22.3;21.6;21.600;28.152;23.810;
2518;22.3;21.5;21.600;28.348;23.810;
2519;22.3;21.8;21.600;28.250;23.736;
2520;22.3;21.3;21.600;28.152;24.054;
2521;22.3;21.8;21.500;28.348;23.785;
2522;22.3;21.6;21.500;28.641;24.103;
2523;22.3;22.1;21.600;28.837;23.785;
2524;22.3;21.4;21.600;29.619;23.810;
2525;22.3;21.6;21.700;29.912;23.785;
2526;22.3;21.5;21.800;30.596;24.005;
2527;22.3;21.6;21.800;30.694;23.810;
2528;22.3;21.5;21.900;30.108;24.029;
2529;22.3;21.6;21.900;29.912;23.785;
2530;22.3;21.6;21.900;29.619;24.054;
2531;22.3;21.3;21.800;29.326;23.785;
2532;22.3;21.6;21.800;29.228;24.005;
2533;22.3;21.7;21.700;29.032;23.810;
2534;22.3;21.5;21.700;28.152;24.029;
2535;22.3;21.8;21.600;26.979;23.785;
2536;22.3;21.4;21.600;26.393;24.054;
2537;22.3;21.4;21.600;26.979;23.810;
2538;22.3;21.2;21.600;27.664;24.054;
2539;22.3;21.5;21.600;27.957;23.810;
2540;22.3;21.7;21.600;27.761;24.005;
2541;22.3;21.7;21.600;27.957;23.810;
2542;22.3;21.5;21.600;28.250;24.029;
2543;22.3;21.7;21.600;28.739;23.761;
2544;22.3;21.5;21.600;29.032;24.029;
2545;22.3;21.6;21.600;30.010;23.810;
2546;22.3;21.5;21.600;30.205;24.054;
2547;22.3;21.7;21.600;30.499;23.761;
2548;22.3;21.9;21.700;30.792;24.054;
2549;22.3;21.5;21.700;30.890;23.761;
2550;22.3;21.5;21.600;30.499;23.834;
2551;22.3;21.4;21.600;30.792;23.834;
2552;22.3;21.7;21.600;30.401;24.078;
2553;22.3;21.2;21.600;30.694;23.761;
2554;22.3;21.6;21.600;30.401;24.029;
2555;22.3;21.7;21.600;30.205;23.761;
2556;22.3;22.1;21.600;30.401;24.029;
2557;22.3;21.4;21.600;30.108;23.810;
2558;22.3;21.7;21.600;30.303;23.736;
2559;22.3;21.3;21.500;30.401;23.834;
2560;22.3;21.4;21.500;30.792;24.029;
2561;22.3;21.7;21.500;30.596;24.005;
2562;22.3;21.7;21.500;30.401;24.054;
2563;22.3;21.4;21.400;30.303;24.005;
2564;22.3;21.6;21.400;30.010;24.005;
2565;22.3;21.5;21.400;30.010;23.810;
2566;22.3;21.5;21.400;29.717;23.785;
2567;22.3;21.5;21.400;29.521;23.810;
2568;22.3;21.8;21.400;28.935;24.078;
2569;22.3;21.4;21.400;29.032;23.785;
2570;22.3;21.7;21.400;28.641;23.810;
2571;22.3;21.3;21.400;28.543;23.785;
2572;22.3;21.7;21.400;28.250;23.834;
2573;22.3;21.5;21.400;28.250;23.785;
2574;22.3;21.8;21.400;28.250;23.810;
2575;22.3;21.6;21.400;28.250;23.736;
2576;22.3;21.4;21.500;28.250;24.005;
2577;22.3;21.5;21.600;28.250;23.761;
2578;22.3;21.7;21.700;28.348;24.029;
2579;22.3;21.5;21.800;28.250;23.785;
2580;22.3;21.4;21.900;27.859;24.029;
2581;22.3;21.7;21.900;28.152;23.785;
2582;22.3;21.6;22.000;27.859;24.005;
2583;22.3;21.5;21.900;27.664;23.810;
2584;22.3;21.7;21.900;27.859;24.029;
2585;22.3;21.6;21.900;27.566;23.810;
2586;22.3;21.5;21.900;27.957;24.029;
2587;22.3;21.4;21.900;27.859;23.785;
2588;22.3;21.8;21.800;27.859;24.029;
2589;22.3;21.6;21.800;27.957;23.785;
2590;22.3;21.6;21.800;27.957;23.834;
2591;22.3;21.3;21.800;27.957;23.980;
2592;22.3;21.8;21.900;27.664;24.029;
2593;22.3;21.9;21.900;28.152;23.810;
2594;22.3;21.7;21.800;27.957;24.029;
2595;22.3;21.5;21.800;28.055;23.761;
2596;22.3;21.8;21.800;28.250;24.029;
2597;22.3;21.6;21.800;28.543;24.005;
2598;22.3;21.7;21.800;28.641;23.834;
2599;22.3;21.6;21.800;29.228;23.785;
2600;22.3;21.7;21.800;30.499;24.029;
2601;22.3;21.7;21.800;30.890;23.834;
2602;22.3;22.1;21.800;30.499;24.078;
2603;22.3;21.6;21.700;30.205;23.834;
2604;22.3;21.5;21.700;29.423;24.054;
2605;22.3;21.7;21.700;29.619;23.834;
2606;22.3;21.1;21.700;29.521;24.054;
2607;22.3;21.4;21.600;29.326;23.785;
2608;22.3;21.4;21.600;28.739;24.054;
2609;22.3;21.6;21.500;27.273;23.785;
2610;22.3;21.2;21.500;26.491;23.810;
2611;22.3;21.4;21.500;26.882;23.834;
2612;22.3;21.6;21.400;27.957;24.078;
2613;22.3;21.4;21.400;28.250;23.810;
2614;22.3;21.4;21.400;28.348;23.785;
2615;22.3;21.8;21.400;28.543;23.736;
2616;22.3;21.6;21.400;28.446;24.029;
2617;22.3;21.7;21.300;29.521;23.810;
2618;22.3;21.6;21.300;30.499;23.810;
2619;22.3;21.7;21.300;30.987;23.785;
2620;22.3;21.5;21.300;30.205;24.029;
2621;22.3;21.4;21.400;29.521;24.005;
2622;22.3;21.4;21.400;29.423;24.005;
2623;22.3;21.5;21.500;29.619;23.785;
2624;22.3;21.3;21.600;29.130;23.785;
2625;22.3;21.2;21.700;28.935;23.785;
2626;22.3;21.4;21.800;28.250;24.005;
2627;22.3;21.5;21.900;27.077;23.834;
2628;22.3;21.5;22.000;26.393;24.029;
2629;22.3;21.4;22.000;26.979;23.736;
2630;22.3;21.3;22.000;27.370;23.785;
2631;22.3;21.5;22.000;28.055;23.810;
2632;22.3;21.6;22.000;27.859;24.005;
2633;22.3;21.5;22.000;28.055;23.810;
2634;22.3;21.6;22.000;28.348;24.054;
2635;22.3;21.5;21.900;28.348;23.761;
2636;22.3;21.5;21.900;28.641;24.005;
2637;22.3;21.5;21.900;29.032;23.810;
2638;22.3;21.3;21.900;29.912;24.005;
2639;22.3;21.6;21.900;30.303;23.834;
2640;22.3;21.7;21.900;31.085;23.810;
2641;22.3;21.2;21.900;30.792;23.736;
2642;22.3;21.8;21.800;30.694;24.029;
2643;22.3;21.6;21.800;30.303;23.785;
2644;22.3;21.6;21.800;30.205;23.785;
2645;22.3;21.4;21.800;29.814;23.785;
2646;22.3;21.5;21.800;29.423;24.054;
2647;22.3;21.5;21.800;29.423;23.761;
2648;22.3;21.3;21.700;29.423;24.054;
2649;22.3;21.6;21.700;29.521;23.761;
2650;22.3;21.6;21.700;29.326;24.029;
2651;22.3;21.8;21.700;29.228;23.785;
2652;22.3;21.5;21.700;29.130;24.029;
2653;22.3;21.4;21.700;28.935;23.761;
2654;22.3;21.6;21.700;28.641;24.029;
2655;22.3;21.4;21.700;28.348;23.785;
2656;22.3;21.3;21.700;27.957;23.834;
2657;22.3;21.4;21.600;27.175;23.785;
2658;22.3;21.5;21.600;26.491;24.029;
2659;22.3;21.5;21.600;26.686;23.761;
2660;22.3;21.7;21.500;27.077;24.054;
2661;22.3;21.5;21.500;27.664;23.785;
2662;22.3;21.8;21.500;28.055;24.078;
2663;22.3;21.4;21.500;28.055;23.810;
2664;22.3;21.5;21.500;28.250;23.980;
2665;22.3;21.5;21.500;29.717;23.810;
2666;22.3;21.6;21.500;30.890;23.834;
2667;22.3;21.3;21.500;29.912;23.785;
2668;22.3;21.5;21.500;29.619;24.029;
2669;22.3;21.5;21.500;29.228;23.785;
2670;22.3;21.5;21.500;28.543;24.029;
2671;22.3;21.5;21.500;26.686;23.810;
2672;22.3;21.5;21.600;26.979;24.029;
2673;22.3;21.7;21.500;28.055;23.785;
2674;22.3;21.4;21.500;28.055;24.029;
2675;22.3;21.3;21.500;29.521;24.005;
2676;22.3;21.6;21.500;31.183;24.029;
2677;22.3;21.6;21.500;29.814;23.810;
2678;22.3;21.5;21.500;29.619;24.029;
2679;22.3;21.5;21.600;28.935;23.785;
2680;22.3;21.6;21.600;27.077;24.029;
2681;22.3;21.8;21.600;27.175;23.736;
2682;22.3;21.4;21.700;28.055;23.980;
2683;22.3;21.6;21.700;28.055;23.761;
2684;22.3;21.3;21.700;29.326;24.029;
2685;22.3;21.6;21.700;31.672;23.810;
2686;22.3;21.5;21.700;30.890;23.785;
2687;22.3;21.3;21.600;29.814;23.785;
2688;22.3;21.5;21.600;29.521;23.810;
2689;22.3;21.7;21.600;28.152;23.810;
2690;22.3;21.4;21.600;26.100;24.054;
2691;22.3;21.5;21.600;27.370;23.785;
2692;22.3;21.7;21.600;28.152;23.687;
2693;22.3;21.5;21.600;28.152;23.785;
2694;22.3;21.3;21.600;29.423;24.029;
2695;22.3;21.4;21.600;30.792;23.761;
2696;22.3;21.8;21.600;30.303;24.029;
2697;22.3;21.4;21.500;29.521;23.810;
2698;22.3;21.6;21.500;29.619;24.029;
2699;22.3;21.6;21.500;29.326;23.785;
2700;22.3;21.7;21.500;27.370;24.029;
2701;22.3;21.7;21.500;26.686;23.785;
2702;22.3;21.2;21.500;27.664;23.810;
2703;22.3;21.3;21.500;28.152;23.785;
2704;22.3;21.2;21.500;28.055;24.005;
2705;22.3;21.7;21.500;28.641;23.785;
2706;22.3;21.7;21.400;30.205;23.834;
2707;22.3;21.5;21.400;30.694;23.785;
2708;22.3;21.6;21.400;29.619;24.054;
2709;22.3;21.6;21.400;29.228;23.761;
2710;22.3;21.6;21.300;29.032;23.810;
2711;22.3;21.6;21.300;28.055;23.810;
2712;22.3;21.6;21.300;26.491;23.810;
2713;22.3;21.6;21.300;27.273;23.785;
2714;22.2;21.7;21.300;28.055;23.980;
2715;22.3;21.4;21.300;28.055;23.810;
2716;22.3;21.4;21.300;28.641;24.029;
2717;22.3;21.8;21.300;30.010;23.736;
2718;22.3;21.4;21.300;30.987;24.029;
2719;22.3;21.7;21.300;30.205;23.785;
2720;22.3;21.8;21.300;29.717;23.834;
2721;22.3;21.6;21.300;29.619;23.785;
2722;22.3;21.7;21.300;29.228;23.980;
2723;22.3;21.5;21.300;28.250;23.810;
2724;22.3;21.6;21.300;26.979;23.834;
2725;22.3;21.8;21.400;26.588;23.712;
2726;22.3;21.9;21.600;27.468;24.029;
2727;22.3;21.8;21.800;28.152;23.736;
2728;22.3;21.6;22.100;27.761;23.980;
2729;22.3;21.5;22.300;28.543;23.761;
2730;22.3;21.8;22.500;29.130;23.834;
2731;22.3;21.1;22.700;30.694;23.785;
2732;22.3;21.4;22.700;30.890;24.005;
2733;22.3;21.8;22.700;30.205;23.761;
2734;22.3;21.7;22.600;29.717;24.005;
2735;22.3;21.8;22.600;29.619;23.785;
2736;22.3;21.7;22.500;29.326;24.005;
2737;22.3;21.6;22.500;28.641;23.785;
2738;22.3;21.5;22.400;27.370;24.005;
2739;22.3;21.4;22.300;26.295;23.980;
2740;22.3;21.5;22.200;27.664;24.005;
2741;22.3;21.8;22.200;28.055;23.785;
2742;22.3;21.5;22.100;28.055;24.054;
2743;22.3;21.5;22.000;28.250;23.785;
2744;22.3;21.6;22.000;29.326;24.005;
2745;22.3;21.7;22.000;30.792;23.834;
2746;22.3;21.7;21.900;30.499;24.029;
2747;22.3;21.4;21.900;29.521;23.810;
2748;22.3;21.6;21.900;29.619;24.029;
2749;22.3;21.3;21.900;29.228;24.005;
2750;22.3;21.4;21.800;28.055;23.834;
2751;22.3;21.8;21.800;26.295;23.834;
2752;22.3;21.6;21.800;27.468;24.029;
2753;22.3;21.6;21.800;27.957;23.834;
2754;22.3;21.4;21.800;28.250;24.054;
2755;22.3;21.2;21.800;28.152;24.029;
2756;22.3;21.2;21.800;29.814;24.029;
2757;22.3;21.2;21.800;31.085;23.810;
2758;22.3;21.7;21.800;30.205;23.834;
2759;22.3;21.5;21.800;29.423;23.810;
2760;22.3;21.5;21.800;29.423;24.054;
2761;22.3;21.5;21.700;29.130;23.810;
2762;22.3;21.7;21.700;28.348;24.029;
2763;22.3;21.7;21.700;26.882;24.029;
2764;22.3;21.5;21.600;26.686;24.029;
2765;22.3;21.2;21.600;27.273;23.785;
2766;22.3;21.9;21.600;28.152;24.029;
2767;22.3;21.6;21.600;28.250;23.834;
2768;22.3;21.7;21.600;28.446;24.054;
2769;22.3;21.6;21.600;29.130;23.785;
2770;22.3;21.6;21.600;30.108;24.029;
2771;22.3;21.3;21.600;30.890;23.785;
2772;22.3;21.8;21.600;30.401;24.029;
2773;22.3;21.5;21.500;30.010;23.810;
2774;22.3;21.6;21.500;29.228;24.029;
2775;22.3;21.5;21.500;29.717;23.785;
2776;22.3;21.6;21.500;29.326;24.054;
2777;22.3;22.1;21.500;29.228;23.834;
2778;22.3;21.6;21.500;29.130;24.054;
2779;22.3;21.5;21.400;28.739;23.810;
2780;22.3;21.6;21.400;27.957;24.029;
2781;22.3;21.3;21.400;27.175;23.785;
2782;22.3;21.2;21.400;26.393;24.054;
2783;22.3;21.5;21.400;26.295;23.810;
2784;22.3;21.2;21.400;26.882;24.029;
2785;22.3;21.2;21.400;27.077;23.785;
2786;22.3;21.8;21.400;27.664;24.029;
2787;22.3;21.5;21.400;28.152;23.834;
2788;22.3;21.3;21.400;28.152;24.029;
2789;22.3;21.3;21.400;28.250;23.980;
2790;22.3;21.4;21.400;27.859;24.029;
2791;22.3;21.7;21.400;28.250;24.005;
2792;22.3;21.7;21.400;28.446;24.054;
2793;22.3;21.9;21.400;28.446;24.029;
2794;22.3;21.8;21.400;28.543;24.029;
2795;22.3;21.5;21.400;29.228;23.810;
2796;22.3;21.7;21.300;29.717;24.029;
2797;22.3;21.6;21.300;30.303;23.834;
2798;22.3;21.6;21.300;30.499;24.054;
2799;22.3;21.7;21.200;30.792;23.785;
2800;22.3;21.7;21.200;31.183;24.078;
2801;22.3;21.8;21.200;31.183;23.834;
2802;22.3;21.8;21.100;30.694;24.029;
2803;22.3;21.5;21.100;30.303;24.005;
2804;22.3;21.5;21.100;30.303;24.029;
2805;22.3;21.5;21.100;29.717;23.810;
2806;22.3;21.4;21.100;29.619;24.029;
2807;22.3;21.4;21.100;29.521;23.761;
2808;22.3;21.8;21.100;29.130;24.005;
2809;22.3;21.3;21.100;29.130;23.810;
2810;22.3;21.5;21.100;29.032;24.029;
2811;22.3;21.7;21.100;28.837;23.834;
2812;22.3;21.6;21.100;27.859;24.078;
2813;22.3;21.7;21.100;27.273;23.810;
2814;22.3;21.7;21.100;26.686;24.054;
2815;22.3;21.5;21.200;27.566;23.785;
2816;22.3;21.5;21.200;28.055;24.054;
2817;22.3;21.6;21.200;28.543;23.810;
2818;22.3;21.4;21.200;28.348;24.054;
2819;22.3;21.7;21.200;28.446;23.761;
2820;22.3;21.5;21.200;28.935;24.029;
2821;22.3;21.8;21.200;29.717;24.005;
2822;22.4;21.4;21.200;30.694;24.054;
2823;22.3;21.6;21.200;30.108;23.785;
2824;22.3;21.5;21.200;29.619;24.054;
2825;22.3;21.7;21.100;29.326;23.785;
2826;22.3;21.6;21.100;29.228;24.029;
2827;22.3;21.6;21.100;28.543;24.054;
2828;22.3;21.6;21.100;27.077;24.054;
2829;22.3;21.6;21.100;26.686;24.029;
2830;22.4;21.4;21.100;27.175;24.029;
2831;22.3;21.7;21.100;27.957;23.785;
2832;22.3;21.4;21.100;28.250;24.054;
2833;22.3;21.5;21.100;28.348;23.834;
2834;22.3;21.5;21.100;28.935;23.785;
2835;22.3;21.7;21.100;29.912;23.810;
2836;22.3;21.8;21.100;30.596;24.029;
2837;22.3;21.9;21.100;29.912;23.785;
2838;22.3;21.4;21.100;29.228;24.054;
2839;22.4;21.7;21.100;29.717;24.005;
2840;22.3;21.5;21.100;29.521;24.029;
2841;22.3;21.5;21.100;29.130;23.785;
2842;22.3;21.9;21.100;28.641;24.054;
2843;22.3;21.5;21.100;27.175;23.810;
2844;22.4;21.6;21.100;26.393;24.029;
2845;22.3;21.7;21.100;26.784;24.005;
2846;22.3;21.7;21.000;26.882;24.029;
2847;22.3;21.7;21.000;27.859;24.005;
2848;22.4;21.7;21.000;27.664;24.029;
2849;22.3;21.7;21.000;27.957;23.834;
2850;22.3;21.8;21.000;28.055;24.029;
2851;22.3;21.8;21.000;28.250;23.834;
2852;22.3;21.5;21.000;28.152;24.054;
2853;22.3;21.8;21.000;28.837;23.980;
2854;22.3;21.8;21.000;29.423;24.054;
2855;22.3;21.8;21.000;30.205;23.810;
2856;22.3;21.5;21.000;30.596;24.054;
2857;22.3;21.3;21.000;31.085;24.029;
2858;22.3;21.5;21.000;31.085;24.078;
2859;22.3;21.5;21.000;30.792;23.834;
2860;22.3;22.1;21.100;30.499;24.078;
2861;22.3;21.7;21.100;30.303;23.785;
2862;22.3;21.6;21.100;29.814;24.054;
2863;22.3;21.5;21.100;29.423;24.005;
2864;22.3;21.4;21.200;29.619;24.078;
2865;22.3;21.5;21.200;29.814;23.761;
2866;22.3;21.7;21.300;29.912;24.054;
2867;22.3;21.8;21.300;29.521;23.810;
2868;22.3;21.5;21.300;29.619;24.029;
2869;22.3;21.6;21.400;29.521;23.810;
2870;22.3;21.6;21.300;29.423;24.029;
2871;22.3;21.4;21.300;29.619;23.810;
2872;22.3;21.5;21.300;29.326;24.029;
2873;22.3;21.9;21.300;29.032;24.005;
2874;22.3;21.6;21.200;28.837;24.127;
2875;22.3;21.4;21.100;28.543;24.005;
2876;22.3;21.2;21.100;27.957;24.078;
2877;22.3;21.8;21.100;27.370;24.005;
2878;22.3;21.6;21.000;26.979;24.029;
2879;22.3;21.6;21.000;26.686;23.810;
2880;22.3;21.5;21.000;26.295;24.029;
2881;22.3;21.8;21.000;26.784;23.834;
2882;22.3;21.3;21.000;26.882;24.029;
2883;22.3;21.3;21.000;27.175;23.785;
2884;22.3;21.6;21.000;27.566;24.078;
2885;22.3;21.6;21.000;27.957;23.980;
2886;22.3;21.5;21.000;28.055;23.810;
2887;22.3;21.9;21.000;28.250;23.834;
2888;22.3;21.9;21.000;28.152;24.029;
2889;22.3;21.9;21.000;28.739;23.834;
2890;22.3;21.7;21.000;29.423;24.005;
2891;22.3;22.2;21.000;30.303;24.054;
2892;22.3;22.1;21.000;31.183;24.005;
2893;22.3;21.6;21.000;30.890;24.005;
2894;22.3;21.7;21.000;30.499;24.029;
2895;22.3;21.5;21.000;29.912;23.810;
2896;22.3;21.5;21.000;29.326;24.029;
2897;22.3;21.4;21.000;29.423;23.785;
2898;22.3;21.7;21.000;29.326;24.054;
2899;22.3;21.6;21.000;29.228;24.029;
2900;22.3;21.8;21.000;29.130;24.054;
2901;22.3;21.8;21.000;28.935;23.810;
2902;22.3;22.8;21.000;28.641;24.029;
2903;22.3;21.6;21.000;27.859;23.785;
2904;22.3;21.7;21.000;27.566;24.054;
2905;22.3;21.5;21.000;27.077;23.810;
2906;22.3;21.6;21.000;26.588;23.810;
2907;22.3;21.9;21.000;26.295;23.810;
2908;22.3;21.5;21.000;26.491;24.054;
2909;22.3;21.7;21.100;26.686;23.785;
2910;22.3;21.8;21.100;27.175;23.810;
2911;22.3;21.7;21.100;27.664;23.761;
2912;22.3;21.8;21.200;27.859;23.834;
2913;22.3;21.5;21.300;27.761;23.785;
2914;22.3;21.1;21.400;28.152;24.029;
2915;22.3;21.8;21.600;28.152;23.785;
2916;22.3;21.9;21.800;27.859;24.029;
2917;22.3;21.5;22.100;28.152;23.810;
2918;22.3;21.7;22.400;28.348;24.054;
2919;22.3;21.3;22.700;28.250;23.785;
2920;22.3;21.6;22.900;28.348;23.810;
2921;22.3;21.7;23.000;28.250;23.810;
2922;22.3;21.5;23.100;28.837;24.054;
2923;22.3;21.6;23.000;29.228;23.834;
2924;22.3;21.5;23.000;29.912;24.029;
2925;22.3;21.5;22.900;30.596;23.321;
2926;22.3;21.4;22.800;30.890;24.005;
2927;22.3;21.8;22.800;30.987;23.810;
2928;22.3;21.4;22.700;30.596;24.029;
2929;22.3;21.4;22.600;30.108;24.005;
2930;22.3;21.3;22.500;30.010;24.029;
2931;22.3;21.7;22.400;29.717;23.785;
2932;22.3;21.4;22.300;29.521;23.810;
2933;22.3;21.4;22.200;29.423;23.736;
2934;22.3;21.8;22.200;29.521;24.054;
2935;22.3;21.5;22.100;29.423;23.761;
2936;22.3;21.4;22.000;29.130;24.029;
2937;22.3;21.5;22.000;29.130;23.810;
2938;22.3;22.1;21.900;28.935;23.834;
2939;22.3;21.9;21.900;28.543;23.761;
2940;22.3;21.5;21.900;28.641;23.834;
2941;22.3;21.3;21.800;28.543;23.761;
2942;22.3;21.6;21.800;28.250;24.054;
2943;22.3;21.5;21.800;27.859;23.785;
2944;22.3;21.5;21.800;27.664;24.005;
2945;22.3;21.6;21.700;37.830;23.761;
2946;22.3;21.5;21.700;99.218;23.810;
2947;22.3;21.9;21.700;94.917;23.761;
2948;22.3;21.8;21.600;87.879;24.054;
2949;22.3;21.6;21.600;86.119;23.785;
2950;22.3;21.4;21.500;87.390;24.029;
2951;22.3;21.8;21.500;86.999;23.785;
2952;22.4;21.8;21.400;86.804;24.078;
2953;22.3;21.5;21.400;86.315;23.810;
2954;22.3;21.5;21.500;86.999;24.029;
2955;22.3;21.5;21.600;86.901;23.980;
2956;22.3;21.8;21.800;86.901;24.029;
2957;22.4;21.7;22.000;87.292;24.005;
2958;22.3;21.8;22.300;86.706;24.029;
2959;22.3;21.8;22.500;87.977;23.761;
2960;22.4;21.7;22.600;88.172;24.005;
2961;22.4;21.8;22.700;87.097;23.810;
2962;22.3;22.2;22.700;88.172;24.029;
2963;22.4;21.7;22.700;90.518;23.761;
2964;22.4;22.1;22.700;90.714;23.980;
2965;22.4;21.8;22.600;91.105;23.785;
2966;22.3;21.7;22.600;92.180;23.810;
2967;22.4;21.8;22.500;92.473;23.785;
2968;22.4;21.8;22.400;93.646;23.834;
2969;22.4;21.8;22.300;90.616;23.761;
2970;22.4;21.5;22.200;90.029;24.054;
2971;22.4;22.1;22.100;91.202;23.785;
2972;22.4;21.8;22.000;91.496;24.054;
2973;22.4;21.5;22.000;91.887;24.005;
2974;22.4;21.8;21.900;89.834;24.054;
2975;22.4;22.1;21.800;89.638;24.029;
2976;22.4;21.9;21.800;89.736;24.029;
2977;22.4;21.8;21.700;89.345;23.785;
2978;22.4;21.8;21.700;89.247;24.029;
2979;22.4;21.9;21.600;88.563;23.810;
2980;22.4;22.1;21.600;88.759;24.029;
2981;22.4;21.8;21.500;88.856;23.810;
2982;22.4;21.9;21.500;88.563;24.054;
2983;22.4;21.8;21.500;88.954;24.005;
2984;22.4;21.7;21.500;88.661;24.103;
2985;22.4;21.6;21.500;88.270;23.785;
2986;22.4;21.7;21.500;87.879;24.054;
2987;22.4;21.9;21.500;87.977;24.029;
2988;22.4;22.1;21.500;88.465;24.103;
2989;22.4;21.9;21.500;87.977;23.810;
2990;22.4;21.9;21.500;87.586;24.078;
2991;22.4;22.2;21.500;87.488;23.810;
2992;22.4;21.9;21.400;86.315;23.761;
2993;22.4;22.2;21.400;86.804;23.639;
2994;22.4;21.9;21.400;87.097;23.736;
2995;22.3;21.9;21.300;86.217;23.810;
2996;22.4;21.7;21.300;86.022;24.054;
2997;22.4;21.7;21.300;86.119;23.834;
2998;22.4;21.9;21.300;86.119;24.029;
2999;22.4;22.2;21.300;85.826;23.834;
3000;22.4;21.9;21.300;86.413;24.054;
3001;22.3;21.7;21.300;86.413;23.810;
3002;22.4;21.8;21.300;86.706;24.029;
3003;22.3;21.9;21.300;87.097;23.785;
3004;22.4;21.9;21.300;87.097;24.078;
3005;22.3;22.1;21.300;87.292;23.810;
3006;22.3;22.1;21.200;87.488;24.029;
3007;22.3;21.8;21.200;87.097;23.810;
3008;22.4;21.9;21.200;86.706;24.029;
3009;22.4;21.9;21.200;87.879;24.005;
3010;22.4;21.9;21.200;87.781;24.029;
3011;22.3;22.1;21.200;88.270;23.785;
3012;22.4;22.1;21.100;86.901;24.054;
3013;22.3;21.7;21.100;87.586;24.005;
3014;22.4;22.1;21.100;87.488;24.029;
3015;22.4;21.9;21.100;88.172;23.980;
3016;22.4;21.9;21.100;88.759;24.078;
3017;22.3;21.9;21.100;87.977;23.785;
3018;22.3;21.7;21.100;88.954;24.054;
3019;22.3;22.2;21.100;88.563;23.810;
3020;22.4;21.9;21.200;89.052;24.054;
3021;22.4;21.5;21.200;89.052;23.785;
3022;22.3;22.2;21.200;90.225;24.029;
3023;22.4;21.7;21.200;90.616;23.810;
3024;22.3;22.2;21.300;92.082;24.029;
3025;22.4;21.7;21.300;91.887;23.785;
3026;22.4;21.9;21.300;90.420;23.834;
3027;22.3;21.9;21.300;90.420;23.785;
3028;22.3;21.8;21.300;88.954;24.078;
3029;22.4;21.7;21.400;89.834;24.005;
3030;22.4;21.9;21.400;89.443;24.420;
3031;22.4;21.8;21.400;91.887;24.029;
3032;22.4;22.1;21.400;90.909;24.029;
3033;22.4;21.8;21.400;89.247;23.761;
3034;22.4;21.9;21.400;88.661;24.029;
3035;22.3;21.9;21.400;88.074;24.029;
3036;22.4;21.9;21.400;87.195;24.005;
3037;22.4;21.9;21.300;86.022;23.810;
3038;22.3;22.2;21.300;85.533;24.054;
3039;22.4;22.1;21.300;85.631;24.029;
3040;22.3;21.9;21.300;86.999;24.029;
3041;22.4;22.1;21.300;87.292;24.005;
3042;22.3;21.8;21.300;87.977;24.054;
3043;22.3;21.6;21.300;87.097;23.980;
3044;22.4;22.2;21.300;87.781;24.054;
3045;22.4;22.2;21.200;87.488;24.005;
3046;22.4;21.9;21.200;89.541;23.663;
3047;22.4;22.2;21.200;88.759;23.419;
3048;22.4;21.7;21.200;90.323;23.687;
3049;22.4;21.8;21.200;91.300;23.443;
3050;22.3;21.7;21.200;91.398;23.663;
3051;22.4;22.1;21.200;91.007;23.614;
3052;22.4;22.4;21.200;89.834;23.639;
3053;22.4;21.9;21.200;89.932;23.663;
3054;22.3;22.2;21.200;89.150;23.663;
3055;22.4;21.8;21.300;88.954;23.443;
3056;22.4;22.1;21.300;89.150;23.687;
3057;22.4;22.3;21.300;88.661;23.639;
3058;22.4;21.8;21.300;88.954;23.687;
3059;22.3;21.6;21.400;88.563;23.590;
3060;22.4;21.7;21.600;88.368;23.687;
3061;22.4;22.2;21.700;87.683;23.590;
3062;22.4;22.1;21.900;86.999;23.687;
3063;22.4;22.1;22.100;87.195;23.419;
3064;22.4;22.2;22.200;86.608;23.687;
3065;22.4;21.9;22.300;86.706;23.443;
3066;22.4;22.1;22.400;86.217;23.639;
3067;22.3;22.3;22.300;84.751;23.639;
3068;22.4;22.1;22.300;84.457;23.712;
3069;22.4;21.8;22.200;85.533;23.663;
3070;22.4;21.5;22.100;86.413;23.712;
3071;22.3;21.7;22.000;86.119;23.443;
3072;22.3;22.1;22.000;87.292;23.639;
3073;22.3;21.7;21.900;87.097;23.394;
3074;22.4;21.7;21.900;87.097;23.663;
3075;22.4;21.8;21.800;87.879;23.614;
3076;22.4;22.1;21.800;86.901;23.639;
3077;22.4;21.7;21.700;87.195;23.443;
3078;22.4;21.9;21.700;87.488;23.663;
3079;22.4;21.6;21.700;87.977;23.614;
3080;22.4;22.2;21.600;87.977;23.663;
3081;22.3;22.1;21.600;89.345;23.736;
3082;22.4;22.2;21.600;89.247;23.712;
3083;22.4;22.1;21.500;90.029;23.663;
3084;22.3;22.2;21.500;90.127;23.712;
3085;22.4;21.9;21.500;91.398;23.394;
3086;22.3;22.1;21.500;89.736;23.687;
3087;22.4;21.9;21.400;89.052;23.443;
3088;22.3;21.7;21.400;88.465;23.639;
3089;22.3;21.8;21.400;88.074;23.419;
3090;22.3;21.9;21.400;89.247;23.639;
3091;22.3;21.8;21.400;87.879;23.614;
3092;22.4;21.7;21.300;88.270;23.639;
3093;22.3;21.9;21.300;87.586;23.614;
3094;22.3;21.9;21.300;88.270;23.639;
3095;22.3;22.3;21.300;87.977;23.614;
3096;22.3;21.7;21.300;88.270;23.712;
3097;22.3;21.4;21.200;88.172;23.590;
3098;22.3;21.9;21.200;87.683;23.687;
3099;22.3;21.9;21.200;86.608;23.614;
3100;22.3;21.9;21.200;86.315;23.639;
3101;22.3;21.6;21.200;86.119;23.614;
3102;22.3;22.1;21.200;85.826;23.687;
3103;22.3;21.7;21.200;85.631;23.419;
3104;22.3;21.7;21.200;85.142;23.687;
3105;22.3;21.9;21.200;85.826;23.639;
3106;22.3;22.3;21.100;84.946;23.663;
3107;22.3;21.8;21.100;86.608;23.443;
3108;22.3;21.8;21.100;86.999;23.639;
3109;22.3;21.9;21.000;87.292;23.419;
3110;22.3;21.9;21.000;87.292;23.639;
3111;22.3;21.7;20.900;87.195;23.419;
3112;22.3;21.6;20.900;86.804;23.639;
3113;22.3;21.8;20.900;88.172;23.614;
3114;22.3;22.1;20.900;88.465;23.687;
3115;22.3;21.9;20.900;88.954;23.370;
3116;22.3;22.1;21.000;89.345;23.663;
3117;22.3;21.8;21.100;90.225;23.639;
3118;22.3;21.6;21.200;91.398;23.639;
3119;22.3;22.1;21.300;91.398;23.614;
3120;22.3;22.1;21.500;90.616;23.687;
3121;22.3;22.1;21.500;89.736;23.590;
3122;22.3;22.1;21.500;89.638;23.663;
3123;22.3;21.7;21.500;88.954;23.639;
3124;22.3;22.2;21.500;88.759;23.663;
3125;22.3;21.7;21.400;89.052;23.419;
3126;22.3;21.8;21.400;89.247;23.639;
3127;22.3;21.7;21.400;89.443;23.419;
3128;22.3;21.7;21.400;88.856;23.639;
3129;22.3;21.8;21.400;89.345;23.614;
3130;22.3;21.7;21.500;89.247;23.639;
3131;22.3;21.9;21.500;87.292;23.614;
3132;22.3;21.9;21.500;87.097;23.687;
3133;22.3;22.3;21.500;86.901;23.614;
3134;22.3;21.9;21.500;86.510;23.663;
3135;22.3;22.2;21.500;86.901;23.443;
3136;22.3;21.8;21.500;87.488;23.687;
3137;22.3;22.2;21.500;87.879;23.443;
3138;22.3;22.1;21.500;87.879;23.687;
3139;22.3;21.9;21.400;87.977;23.443;
3140;22.3;21.7;21.400;87.683;23.712;
3141;22.3;22.1;21.400;88.465;23.639;
3142;22.3;21.6;21.400;88.074;23.712;
3143;22.3;21.7;21.400;88.368;23.639;
3144;22.3;21.9;21.300;88.954;23.712;
3145;22.3;21.7;21.300;88.465;23.614;
3146;22.3;22.1;21.300;88.856;23.590;
3147;22.3;21.9;21.300;89.638;23.443;
3148;22.3;22.2;21.300;89.443;23.687;
3149;22.3;22.2;21.300;89.834;23.419;
3150;22.3;22.1;21.300;89.541;23.663;
3151;22.3;21.9;21.300;90.714;23.639;
3152;22.3;22.4;21.300;91.007;23.663;
3153;22.3;21.7;21.300;90.714;23.663;
3154;22.3;22.2;21.400;90.811;23.687;
3155;22.3;21.9;21.400;90.225;23.639;
3156;22.3;21.9;21.400;91.691;23.663;
3157;22.3;22.1;21.400;89.736;23.639;
3158;22.3;21.7;21.500;90.811;23.712;
3159;22.3;22.1;21.500;89.638;23.663;
3160;22.3;22.2;21.500;89.541;23.687;
3161;22.3;21.9;21.500;89.345;23.639;
3162;22.3;21.9;21.500;89.052;23.639;
3163;22.3;21.9;21.600;88.661;23.663;
3164;22.3;21.7;21.600;89.052;23.687;
3165;22.4;21.8;21.600;89.247;23.639;
3166;22.4;22.2;21.500;88.368;23.663;
3167;22.4;21.8;21.500;88.270;23.639;
3168;22.3;21.9;21.500;87.586;23.687;
3169;22.3;21.9;21.500;86.804;23.614;
3170;22.4;21.9;21.500;87.292;23.663;
3171;22.4;21.8;21.500;87.781;23.614;
3172;22.4;21.7;21.600;87.292;23.663;
3173;22.3;22.2;21.600;87.879;23.639;
3174;22.3;22.1;21.600;88.465;23.614;
3175;22.3;21.8;21.600;88.270;23.663;
3176;22.4;21.8;21.600;88.270;23.687;
3177;22.3;22.2;21.600;88.856;23.663;
3178;22.3;21.9;21.600;88.563;23.687;
3179;22.4;21.6;21.600;88.074;23.663;
3180;22.3;21.7;21.600;88.368;23.712;
3181;22.4;21.7;21.500;88.759;23.614;
3182;22.3;21.9;21.500;88.954;23.687;
3183;22.4;21.6;21.500;88.856;23.443;
3184;22.3;21.7;21.500;89.736;23.687;
3185;22.3;22.2;21.400;90.225;23.419;
3186;22.3;22.3;21.400;89.443;23.639;
3187;22.3;21.6;21.400;89.834;23.614;
3188;22.3;21.9;21.400;89.932;23.639;
3189;22.3;21.9;21.400;90.518;23.639;
3190;22.3;21.7;21.400;89.638;23.663;
3191;22.3;21.7;21.400;90.029;23.639;
3192;22.3;21.7;21.400;89.638;23.687;
3193;22.4;21.8;21.400;89.932;23.663;
3194;22.3;22.3;21.300;89.736;23.663;
3195;22.3;21.9;21.200;90.616;23.370;
3196;22.3;21.9;21.200;90.127;23.639;
3197;22.4;21.7;21.100;90.518;23.419;
3198;22.3;21.9;21.000;90.225;23.639;
3199;22.3;22.1;21.000;90.029;23.614;
3200;22.3;22.1;21.000;89.247;23.663;
3201;22.3;21.7;20.900;88.661;23.419;
3202;22.3;21.7;20.900;89.052;23.614;
3203;22.3;21.7;20.800;87.390;23.639;
3204;22.3;22.1;20.800;87.097;23.687;
3205;22.3;21.8;20.800;87.879;23.639;
3206;22.3;21.9;20.700;87.488;23.639;
3207;22.3;21.9;20.700;88.270;23.443;
3208;22.3;21.9;20.600;87.586;23.639;
3209;22.3;21.9;20.600;86.022;23.614;
3210;22.3;22.2;20.500;85.142;23.687;
3211;22.3;22.1;20.500;86.217;23.614;
3212;22.3;21.9;20.500;86.901;23.663;
3213;22.3;22.2;20.500;86.608;23.687;
3214;22.3;21.9;20.500;87.683;23.687;
3215;22.3;22.1;20.400;87.390;23.639;
3216;22.3;21.5;20.400;88.954;23.639;
3217;22.3;21.9;20.400;89.834;23.639;
3218;22.3;22.3;20.400;91.398;23.639;
3219;22.3;22.2;20.400;90.127;23.663;
3220;22.3;21.6;20.400;88.563;23.663;
3221;22.3;21.8;20.400;88.074;23.565;
3222;22.3;21.8;20.400;88.661;23.687;
3223;22.3;21.9;20.400;87.781;23.663;
3224;22.3;22.1;20.400;88.074;23.614;
3225;22.3;21.7;20.500;88.074;23.639;
3226;22.3;21.8;20.500;87.879;23.687;
3227;22.3;22.4;20.500;87.488;23.639;
3228;22.3;21.9;20.500;86.510;23.663;
3229;22.3;22.2;20.500;86.217;23.419;
3230;22.3;21.7;20.500;85.435;23.687;
3231;22.3;21.9;20.500;85.239;23.639;
3232;22.3;21.9;20.500;84.457;23.687;
3233;22.3;22.3;20.500;85.435;23.394;
3234;22.3;21.7;20.500;86.315;23.639;
3235;22.3;21.9;20.500;85.239;23.639;
3236;22.3;22.1;20.500;86.706;23.639;
3237;22.3;22.1;20.500;86.022;23.590;
3238;22.3;21.8;20.500;86.022;23.687;
3239;22.3;21.6;20.500;86.217;23.639;
3240;22.3;21.8;20.600;86.999;23.712;
3241;22.3;22.1;20.600;86.804;23.590;
3242;22.3;21.8;20.600;87.488;23.712;
3243;22.3;22.1;20.600;87.781;23.639;
3244;22.3;21.8;20.600;87.586;22.979;
3245;22.3;22.1;20.600;88.465;23.223;
3246;22.3;22.2;20.600;88.465;23.663;
3247;22.3;21.6;20.600;88.759;23.639;
3248;22.3;21.8;20.600;88.270;23.663;
3249;22.3;22.2;20.600;89.443;23.639;
3250;22.3;21.7;20.600;89.736;23.712;
3251;22.3;21.9;20.600;91.496;23.443;
3252;22.3;21.8;20.600;91.007;23.687;
3253;22.3;22.3;20.600;90.616;23.639;
3254;22.3;21.9;20.600;90.909;23.687;
3255;22.3;21.7;20.600;90.616;23.639;
3256;22.3;22.2;20.600;89.834;23.687;
3257;22.3;22.1;20.600;90.029;23.639;
3258;22.3;21.9;20.600;89.541;23.639;
3259;22.3;22.1;20.600;87.977;23.639;
3260;22.3;22.2;20.600;89.052;23.687;
3261;22.3;22.2;20.600;88.954;23.639;
3262;22.3;21.5;20.600;87.977;23.663;
3263;22.3;21.8;20.600;89.150;23.639;
3264;22.3;21.7;20.600;88.368;23.712;
3265;22.3;21.8;20.600;89.736;23.663;
3266;22.3;21.7;20.600;88.954;23.712;
3267;22.3;21.7;20.600;88.661;23.639;
3268;22.3;21.9;20.600;89.345;23.687;
3269;22.3;21.9;20.600;89.150;23.639;
3270;22.3;21.7;20.600;89.247;23.687;
3271;22.3;21.9;20.600;88.172;23.614;
3272;22.3;21.9;20.600;88.954;23.687;
3273;22.3;21.6;20.700;88.661;23.639;
3274;22.3;21.7;20.800;88.563;23.736;
3275;22.3;22.1;20.900;88.563;23.614;
3276;22.3;21.7;21.000;88.465;23.712;
3277;22.3;21.9;21.100;89.345;23.614;
3278;22.3;21.9;21.200;89.932;23.687;
3279;22.3;22.1;21.200;89.345;23.419;
3280;22.3;22.3;21.200;89.736;23.712;
3281;22.3;21.7;21.200;88.759;23.590;
3282;22.3;21.9;21.200;88.465;23.639;
3283;22.3;21.6;21.100;88.465;23.419;
3284;22.3;22.1;21.000;88.759;23.443;
3285;22.3;22.3;21.000;89.345;23.394;
3286;22.3;22.1;21.000;89.247;23.663;
3287;22.3;21.6;21.100;89.638;23.687;
3288;22.3;21.6;21.200;89.247;23.663;
3289;22.3;21.7;21.400;89.443;23.614;
3290;22.3;22.3;21.600;89.247;23.712;
3291;22.3;21.8;21.900;90.127;23.614;
3292;22.3;21.7;22.100;89.932;23.712;
3293;22.3;21.7;22.300;89.247;23.639;
3294;22.3;22.2;22.400;88.074;23.639;
3295;22.3;21.7;22.500;87.879;23.614;
3296;22.3;21.8;22.600;86.706;23.687;
3297;22.3;21.8;22.600;86.608;23.590;
3298;22.3;21.8;22.600;86.119;23.663;
3299;22.3;21.9;22.600;86.413;23.443;
3300;22.3;21.7;22.500;87.586;23.663;
3301;22.3;21.7;22.400;87.195;23.590;
3302;22.3;21.8;22.300;87.390;23.687;
3303;22.3;21.5;22.300;88.270;23.443;
3304;22.3;21.8;22.200;87.683;23.663;
3305;22.3;21.7;22.200;87.390;23.614;
3306;22.3;21.7;22.200;88.270;23.712;
3307;22.3;21.9;22.200;87.977;23.614;
3308;22.3;21.9;22.100;87.488;23.712;
3309;22.3;22.2;22.100;88.856;23.687;
3310;22.3;22.2;22.100;87.683;23.736;
3311;22.3;21.7;22.000;88.465;23.639;
3312;22.3;21.7;21.900;88.368;23.687;
3313;22.3;22.1;21.900;88.465;23.663;
3314;22.3;22.1;21.800;89.052;23.712;
3315;22.3;21.9;21.700;89.638;23.663;
3316;22.3;22.2;21.700;89.638;23.712;
3317;22.3;22.1;21.600;89.638;23.590;
3318;22.3;21.9;21.500;91.007;23.687;
3319;22.3;21.7;21.400;89.443;23.639;
3320;22.3;21.9;21.400;89.638;23.663;
3321;22.3;21.8;21.300;90.909;23.614;
3322;22.3;21.7;21.300;90.714;23.663;
3323;22.3;21.9;21.300;90.420;23.639;
3324;22.3;21.8;21.300;90.714;23.639;
3325;22.3;22.2;21.300;90.323;23.419;
3326;22.3;21.7;21.300;90.225;23.687;
3327;22.3;21.7;21.300;91.105;23.639;
3328;22.3;21.8;21.300;91.398;22.662;
3329;22.3;22.1;21.300;90.323;23.639;
3330;22.3;21.8;21.300;90.714;23.663;
3331;22.3;21.5;21.300;91.398;23.663;
3332;22.3;21.4;21.300;90.225;23.663;
3333;22.3;22.2;21.300;89.443;23.639;
3334;22.3;21.8;21.300;89.052;23.663;
3335;22.3;21.9;21.300;88.368;23.639;
3336;22.3;21.7;21.400;87.879;23.761;
3337;22.3;21.9;21.400;88.368;23.663;
3338;22.3;21.6;21.500;88.465;23.639;
3339;22.3;21.7;21.500;87.879;23.639;
3340;22.3;21.8;21.600;86.804;23.614;
3341;22.3;21.7;21.600;85.826;23.639;
3342;22.3;21.7;21.600;85.435;23.687;
3343;22.3;21.9;21.700;86.022;23.614;
3344;22.3;21.8;21.700;86.022;23.761;
3345;22.3;21.8;21.600;86.510;23.639;
3346;22.3;21.8;21.600;86.901;23.736;
3347;22.3;22.1;21.500;87.097;23.663;
3348;22.3;21.7;21.400;87.292;23.712;
3349;22.3;21.6;21.300;87.977;23.639;
3350;22.3;21.7;21.300;87.683;23.687;
3351;22.3;22.1;21.200;87.879;23.663;
3352;22.3;21.6;21.100;87.977;23.687;
3353;22.3;21.8;21.000;88.661;23.639;
3354;22.3;21.4;21.000;88.759;23.712;
3355;22.3;22.3;20.900;88.954;23.639;
3356;22.3;21.7;20.900;89.345;23.712;
3357;22.3;21.8;20.900;87.781;23.639;
3358;22.3;21.9;20.800;88.954;23.712;
3359;22.3;21.9;20.800;89.638;23.663;
3360;22.3;21.8;20.800;88.074;23.639;
3361;22.4;22.3;20.800;88.563;23.663;
3362;22.3;21.8;20.800;88.563;23.736;
3363;22.3;21.8;20.800;88.368;23.663;
3364;22.4;21.7;20.800;87.879;23.687;
3365;22.3;21.8;20.800;88.563;23.687;
3366;22.3;21.7;20.800;88.270;23.712;
3367;22.3;21.8;20.800;88.954;23.639;
3368;22.3;21.5;20.800;88.172;23.712;
3369;22.3;21.8;20.800;87.683;23.687;
3370;22.3;21.8;20.800;87.879;23.712;
3371;22.3;21.7;20.800;88.074;23.639;
3372;22.4;21.8;20.800;88.074;23.687;
3373;22.3;21.9;20.800;89.150;23.443;
3374;22.4;21.5;20.800;87.390;23.712;
3375;22.4;21.5;20.800;87.879;23.614;
3376;22.3;21.5;20.800;87.195;23.687;
3377;22.4;21.4;20.800;86.119;23.639;
3378;22.3;21.7;20.800;86.706;23.712;
3379;22.3;21.8;20.800;86.217;23.663;
3380;22.4;21.6;20.800;86.510;23.761;
3381;22.4;21.9;20.800;86.510;23.687;
3382;22.4;22.1;20.800;86.315;23.712;
3383;22.4;21.9;20.900;86.510;23.639;
3384;22.4;21.6;21.100;85.239;23.639;
3385;22.3;21.8;21.400;85.631;23.687;
3386;22.4;21.8;21.800;86.119;23.687;
3387;22.4;21.6;22.200;85.631;23.639;
3388;22.4;21.9;22.500;86.413;23.712;
3389;22.4;21.9;22.800;86.608;23.639;
3390;22.4;21.6;22.900;87.781;23.663;
3391;22.4;21.7;23.000;88.172;23.687;
3392;22.4;21.8;23.000;87.879;23.663;
3393;22.4;21.8;23.000;88.074;23.663;
3394;22.4;21.5;22.900;88.172;23.687;
3395;22.4;21.8;22.800;88.563;23.687;
3396;22.4;21.7;22.800;87.977;23.736;
3397;22.4;21.9;22.700;88.270;23.639;
3398;22.4;21.5;22.600;87.977;23.687;
3399;22.4;21.6;22.400;88.563;23.639;
3400;22.4;21.9;22.300;88.465;23.687;
3401;22.4;21.8;22.200;88.074;23.663;
3402;22.4;22.1;22.100;89.541;23.712;
3403;22.4;21.7;22.000;88.465;23.639;
3404;22.4;21.5;21.900;89.638;23.712;
3405;22.4;21.8;21.800;89.345;23.639;
3406;22.4;21.6;21.700;89.443;23.712;
3407;22.4;21.7;21.600;90.420;23.614;
3408;22.4;21.7;21.500;90.127;23.712;
3409;22.4;21.7;21.500;90.811;23.687;
3410;22.4;22.1;21.400;91.984;23.639;
3411;22.4;21.9;21.300;91.007;23.443;
3412;22.4;21.8;21.300;91.789;23.687;
3413;22.4;21.6;21.200;91.300;23.639;
3414;22.4;22.1;21.100;91.202;23.639;
3415;22.4;21.9;21.000;90.518;23.639;
3416;22.4;22.2;20.900;90.616;23.687;
3417;22.4;21.7;20.800;89.443;23.590;
3418;22.4;21.7;20.800;89.834;23.736;
3419;22.4;21.7;20.700;89.443;23.590;
3420;22.4;21.7;20.600;89.150;23.639;
3421;22.4;21.7;20.600;88.465;23.639;
3422;22.4;22.1;20.600;87.879;23.663;
3423;22.4;21.8;20.500;88.563;23.443;
3424;22.4;21.6;20.500;88.074;23.687;
3425;22.4;21.8;20.400;86.999;23.639;
3426;22.4;21.7;20.400;88.074;23.639;
3427;22.4;21.9;20.300;86.804;23.639;
3428;22.4;21.7;20.300;86.022;23.663;
3429;22.4;22.1;20.200;85.826;23.639;
3430;22.4;21.5;20.200;86.315;23.687;
3431;22.4;21.9;20.100;86.510;23.443;
3432;22.4;21.9;20.100;85.826;23.663;
3433;22.4;21.9;20.000;85.826;23.639;
3434;22.4;22.1;20.000;86.217;23.639;
3435;22.4;21.7;20.000;86.999;23.590;
3436;22.4;22.1;20.000;86.510;23.663;
3437;22.4;21.8;20.000;87.097;23.614;
3438;22.4;21.6;20.000;86.804;23.687;
3439;22.4;21.6;19.900;86.901;23.614;
3440;22.4;21.9;19.900;88.270;23.639;
3441;22.4;21.8;19.900;87.488;23.639;
3442;22.4;21.7;19.900;86.999;23.663;
3443;22.4;22.2;19.900;87.195;23.443;
3444;22.4;21.9;19.900;87.781;23.687;
3445;22.4;21.7;19.900;86.706;23.419;
3446;22.4;21.8;19.900;87.781;23.687;
3447;22.4;22.4;19.900;87.781;23.419;
3448;22.4;21.4;20.000;87.097;23.712;
3449;22.4;21.9;20.000;86.315;23.614;
3450;22.4;21.6;20.100;85.631;23.663;
3451;22.4;22.1;20.200;86.608;23.614;
3452;22.4;21.8;20.300;87.781;23.712;
3453;22.4;21.4;20.300;87.097;23.614;
3454;22.4;21.8;20.400;88.074;23.712;
3455;22.4;21.7;20.400;87.781;23.639;
3456;22.4;21.8;20.400;87.195;23.687;
3457;22.4;22.2;20.500;87.586;23.443;
3458;22.4;21.7;20.500;86.413;23.663;
3459;22.4;22.2;20.700;88.172;23.443;
3460;22.4;22.1;20.900;88.759;23.639;
3461;22.4;21.9;21.100;89.345;23.394;
3462;22.4;22.1;21.300;88.368;23.663;
3463;22.4;21.4;21.500;88.270;23.419;
3464;22.4;21.8;21.800;89.150;23.639;
3465;22.4;22.3;22.000;88.856;23.419;
3466;22.4;21.9;22.100;89.345;23.663;
3467;22.4;21.8;22.200;89.443;23.394;
3468;22.4;21.7;22.300;89.150;23.639;
3469;22.4;21.8;22.400;88.954;23.443;
3470;22.4;21.6;22.300;89.638;23.614;
3471;22.4;21.8;22.300;88.856;23.394;
3472;22.4;22.1;22.200;88.074;23.663;
3473;22.4;21.8;22.200;89.541;23.614;
3474;22.4;21.7;22.100;89.443;23.639;
3475;22.4;21.8;22.100;87.977;23.639;
3476;22.4;21.8;22.000;88.368;23.687;
3477;22.4;22.1;22.000;88.465;23.663;
3478;22.4;21.9;21.900;88.465;23.687;
3479;22.4;21.6;21.900;88.368;23.639;
3480;22.4;22.1;21.900;88.465;23.712;
3481;22.4;21.8;21.900;88.368;23.614;
3482;22.4;21.8;22.000;87.488;23.687;
3483;22.4;21.9;22.000;88.074;23.639;
3484;22.4;21.7;22.000;88.368;23.712;
3485;22.4;21.9;22.000;88.563;23.639;
3486;22.4;21.9;22.000;86.804;23.663;
3487;22.4;21.9;22.000;85.631;23.614;
3488;22.4;21.8;22.000;86.413;23.687;
3489;22.4;21.9;22.100;85.142;23.419;
3490;22.4;22.2;22.100;85.826;23.687;
3491;22.4;22.1;22.200;86.999;23.663;
3492;22.4;22.1;22.300;88.368;23.687;
3493;22.4;21.4;22.300;87.292;23.663;
3494;22.4;21.7;22.400;88.270;23.736;
3495;22.4;21.8;22.400;88.074;23.639;
3496;22.4;22.2;22.400;88.856;23.736;
3497;22.4;21.7;22.300;88.172;23.687;
3498;22.4;21.6;22.300;89.345;23.712;
3499;22.4;21.6;22.200;89.052;23.614;
3500;22.4;21.9;22.100;88.661;23.736;
3501;22.4;21.9;22.000;88.661;23.639;
3502;22.4;21.7;21.900;88.661;23.736;
3503;22.4;21.6;21.800;90.029;23.639;
3504;22.4;21.8;21.800;90.811;23.639;
3505;22.4;21.8;21.700;90.323;23.712;
3506;22.4;21.6;21.600;90.616;23.687;
3507;22.4;21.8;21.500;91.398;23.663;
3508;22.5;22.2;21.400;91.789;23.736;
3509;22.4;21.8;21.400;91.593;23.639;
3510;22.4;21.9;21.300;90.323;23.663;
3511;22.4;21.9;21.200;91.398;23.663;
3512;22.4;22.2;21.100;90.714;23.687;
3513;22.4;21.7;21.100;90.518;23.639;
3514;22.5;22.1;21.000;91.398;23.687;
3515;22.4;21.9;21.000;90.616;23.639;
3516;22.4;21.8;20.900;91.300;23.663;
3517;22.5;21.8;20.900;91.007;23.639;
3518;22.5;21.4;20.800;91.007;23.712;
3519;22.4;21.8;20.800;90.714;23.663;
3520;22.4;21.8;20.800;90.518;23.736;
3521;22.4;22.1;20.800;90.420;23.639;
3522;22.4;22.1;20.800;90.616;23.712;
3523;22.4;22.1;20.900;90.518;23.639;
3524;22.4;21.9;20.900;90.518;23.761;
3525;22.4;21.8;21.000;90.323;23.639;
3526;22.4;21.7;21.000;90.323;23.712;
3527;22.4;21.9;21.000;89.932;23.663;
3528;22.4;22.4;21.000;89.932;23.419;
3529;22.4;22.1;21.000;89.345;23.663;
3530;22.4;22.1;21.000;90.029;23.712;
3531;22.4;22.1;21.000;88.954;23.639;
3532;22.5;21.8;21.000;89.638;23.712;
3533;22.4;21.9;21.000;88.661;23.639;
3534;22.5;22.1;21.000;88.661;23.687;
3535;22.5;21.4;21.000;87.977;23.614;
3536;22.5;21.7;21.000;87.781;23.639;
3537;22.5;21.9;21.000;87.781;23.639;
3538;22.5;22.2;20.900;87.488;23.614;
3539;22.5;21.9;20.900;87.977;23.639;
3540;22.5;22.1;20.800;87.977;23.687;
3541;22.5;22.2;20.700;87.488;23.663;
3542;22.5;21.9;20.700;87.292;23.663;
3543;22.5;21.7;20.600;87.390;23.419;
3544;22.5;21.8;20.600;87.586;23.663;
3545;22.5;21.6;20.600;87.390;23.614;
3546;22.5;22.1;20.600;87.097;23.663;
3547;22.5;21.6;20.600;87.390;23.443;
3548;22.5;22.1;20.600;86.901;23.712;
3549;22.5;22.1;20.600;86.217;23.639;
3550;22.5;21.6;20.600;87.390;23.712;
3551;22.5;22.1;20.600;86.413;23.614;
3552;22.5;21.8;20.500;86.804;22.955;
3553;22.5;22.1;20.500;88.465;23.004;
3554;22.5;21.6;20.500;87.586;23.712;
3555;22.5;22.1;20.500;86.999;23.614;
3556;22.4;22.1;20.500;86.022;23.663;
3557;22.5;22.1;20.500;86.608;23.639;
3558;22.5;21.7;20.500;85.631;23.687;
3559;22.5;21.7;20.500;84.751;23.663;
3560;22.5;21.9;20.600;86.413;23.712;
3561;22.5;21.7;20.800;86.022;23.639;
3562;22.5;21.7;20.900;87.097;23.712;
3563;22.5;21.8;21.000;87.683;23.663;
3564;22.5;22.1;21.200;88.368;23.687;
3565;22.5;21.8;21.300;87.292;23.687;
3566;22.5;22.1;21.300;88.465;23.712;
3567;22.5;21.8;21.400;87.879;23.639;
3568;22.5;21.9;21.400;88.074;23.712;
3569;22.5;21.7;21.400;87.879;23.687;
3570;22.5;21.9;21.500;87.390;23.687;
3571;22.5;21.9;21.500;88.856;23.614;
3572;22.5;22.2;21.500;89.247;23.761;
3573;22.5;21.6;21.500;89.541;23.639;
3574;22.5;21.8;21.500;90.127;23.687;
3575;22.5;21.6;21.500;91.007;23.663;
3576;22.5;21.9;21.400;89.834;23.687;
3577;22.5;21.7;21.400;88.954;23.639;
3578;22.5;21.9;21.300;88.368;23.712;
3579;22.5;22.1;21.300;88.270;23.663;
3580;22.5;21.8;21.300;86.901;23.687;
3581;22.5;21.8;21.300;86.804;23.639;
3582;22.5;22.2;21.200;88.172;23.712;
3583;22.5;21.8;21.200;87.390;23.639;
3584;22.5;22.1;21.200;85.142;23.712;
3585;22.5;21.9;21.200;85.631;23.639;
3586;22.5;21.7;21.100;85.728;23.687;
3587;22.5;22.1;21.100;85.728;23.663;
3588;22.5;21.8;21.100;86.413;23.687;
3589;22.5;21.8;21.100;88.270;23.639;
3590;22.5;21.7;21.100;88.172;23.663;
3591;22.5;21.9;21.000;89.052;23.639;
3592;22.5;22.1;21.000;88.270;23.687;
3593;22.5;21.7;21.000;88.563;23.639;
3594;22.5;21.7;21.000;88.856;23.687;
3595;22.5;22.1;21.000;89.052;23.663;
3596;22.5;22.1;21.000;88.759;23.687;
3597;22.5;21.8;21.000;88.954;23.639;
3598;22.5;21.9;21.100;88.954;23.712;
3599;22.5;21.8;21.100;88.661;23.639;